#This file contains updated Xsec and Reduced Xsec
#Xsec Units: ub * MeV^-1 *sr^-2
#Ksigcc1 Units: (ub * MeV^2 * sr^-2
#Red Xsec Units: MeV^-3
#!xb[i,0]/  yb[i,1]/   thnq_bin[f,2]/   pm_bin[f,3]/  Ksigcc1[f,4]/   pwiaXsec_theory[f,5]/    fsiXsec_theory[f,6]/   red_pwiaXsec_theory[f,7]/    red_fsiXsec_theory[f,8]/   setting[s,9]/
6   1   55.000000   0.020000   2426.689448  1.745015750000e-03   1.687649660000e-03    7.190931461948e-07   6.954534958690e-07   80
6   2   55.000000   0.060000   2321.795750  4.244860840000e-04   3.997697750000e-04    1.828266263301e-07   1.721812846802e-07   80
6   3   55.000000   0.100000   2172.367173  8.636205290000e-05   7.714891050000e-05    3.975481399893e-08   3.551375267444e-08   80
6   4   55.000000   0.140000   2002.593572  2.075672720000e-05   1.709883880000e-05    1.036492251359e-08   8.538346991159e-09   80
6   5   55.000000   0.180000   1872.123890  5.971823220000e-06   4.277207850000e-06    3.189865399346e-09   2.284682051678e-09   80
6   6   55.000000   0.220000   1779.833183  2.053803920000e-06   1.413257480000e-06    1.153930570357e-09   7.940392917149e-10   80
6   7   55.000000   0.260000   1685.454204  7.905190590000e-07   5.120207670000e-07    4.690243479318e-10   3.037880031299e-10   80
6   8   55.000000   0.300000   1608.725062  3.445465270000e-07   2.357214390000e-07    2.141736553614e-10   1.465268643897e-10   80
6   9   55.000000   0.340000   1549.985026  1.680895090000e-07   1.282630860000e-07    1.084458921734e-10   8.275117749428e-11   80
6   10   55.000000   0.380000   1508.691172  9.025263790000e-08   8.130874480000e-08    5.982181083512e-11   5.389356437488e-11   80
6   11   55.000000   0.420000   1474.624100  5.244016650000e-08   5.721357840000e-08    3.556171806768e-11   3.879875447580e-11   80
6   12   55.000000   0.460000   1454.895337  3.232527150000e-08   4.393593590000e-08    2.221827967822e-11   3.019869181146e-11   80
6   12   55.000000   0.460000   5381.128095  1.156034620000e-07   1.168952810000e-07    2.148312769351e-11   2.172319241176e-11   580_set1
6   12   55.000000   0.460000   5423.470158  1.126088050000e-07   1.139922510000e-07    2.076323861281e-11   2.101832363397e-11   580_set2
6   13   55.000000   0.500000   1442.414354  2.072270960000e-08   3.558031840000e-08    1.436668287620e-11   2.466719656618e-11   80
6   13   55.000000   0.500000   5167.767314  7.574016600000e-08   8.849643170000e-08    1.465626476541e-11   1.712469357129e-11   580_set1
6   13   55.000000   0.500000   5159.416907  7.503212990000e-08   8.270382880000e-08    1.454275381356e-11   1.602968519326e-11   580_set2
6   14   55.000000   0.540000   1441.585278  1.371767090000e-08   2.871470340000e-08    9.515684648938e-12   1.991883785040e-11   80
6   14   55.000000   0.540000   4963.239349  4.979254310000e-08   6.532650440000e-08    1.003226715432e-11   1.316207013332e-11   580_set1
6   14   55.000000   0.540000   4940.652000  4.911508040000e-08   6.464780870000e-08    9.941011915027e-12   1.308487395996e-11   580_set2
6   15   55.000000   0.580000   1430.163091  9.126484390000e-09   2.445193010000e-08    6.381429116324e-12   1.709730187688e-11   80
6   15   55.000000   0.580000   4914.953205  3.367633750000e-08   5.110162500000e-08    6.851812437551e-12   1.039717426974e-11   580_set1
6   15   55.000000   0.580000   4893.568378  3.352614120000e-08   5.110367020000e-08    6.851062171875e-12   1.044302771567e-11   580_set2
6   16   55.000000   0.620000   1410.778002  6.181826820000e-09   1.899578050000e-08    4.381856543862e-12   1.346475524361e-11   80
6   16   55.000000   0.620000   6204.096439  3.003217470000e-08   5.338111520000e-08    4.840700816837e-12   8.604172376244e-12   750_set3
6   16   55.000000   0.620000   4847.443399  2.254352160000e-08   4.024270550000e-08    4.650600274085e-12   8.301841236207e-12   580_set2
6   16   55.000000   0.620000   4834.474229  2.245930580000e-08   3.964063530000e-08    4.645656329136e-12   8.199575263472e-12   580_set1
6   16   55.000000   0.620000   5821.654077  2.327520400000e-08   4.095888140000e-08    3.998039679471e-12   7.035608928023e-12   750_set1
6   16   55.000000   0.620000   5821.880605  2.324021610000e-08   4.087984190000e-08    3.991874391935e-12   7.021758890914e-12   750_set2
6   17   55.000000   0.660000   1384.606070  4.273094700000e-09   1.498484610000e-08    3.086144711181e-12   1.082246165510e-11   80
6   17   55.000000   0.660000   4796.396189  1.510864590000e-08   3.186869250000e-08    3.149999563141e-12   6.644299437375e-12   580_set2
6   17   55.000000   0.660000   4782.274376  1.502590070000e-08   3.298896920000e-08    3.141998873048e-12   6.898175764560e-12   580_set1
6   17   55.000000   0.660000   5753.181663  1.770558210000e-08   3.848736360000e-08    3.077528772274e-12   6.689752880136e-12   750_set2
6   17   55.000000   0.660000   5901.508469  1.789387320000e-08   3.862993420000e-08    3.032084643103e-12   6.545772899068e-12   750_set3
6   17   55.000000   0.660000   5703.454514  1.684518160000e-08   3.833127020000e-08    2.953505030793e-12   6.720711124444e-12   750_set1
6   18   55.000000   0.700000   1403.816517  3.117368090000e-09   1.396471540000e-08    2.220637848500e-12   9.947678511322e-12   80
6   18   55.000000   0.700000   5838.430962  1.257535260000e-08   3.259046000000e-08    2.153892489583e-12   5.582057955659e-12   750_set2
6   18   55.000000   0.700000   4741.066378  1.007768420000e-08   2.751149420000e-08    2.125615504302e-12   5.802807218153e-12   580_set2
6   18   55.000000   0.700000   5826.584628  1.246379870000e-08   2.982280030000e-08    2.139126005328e-12   5.118401637331e-12   750_set1
6   18   55.000000   0.700000   4751.674973  1.008726380000e-08   2.694278210000e-08    2.122885899671e-12   5.670165205553e-12   580_set1
6   18   55.000000   0.700000   5756.284784  1.215368790000e-08   2.797307450000e-08    2.111377104514e-12   4.859570981921e-12   750_set3
6   19   55.000000   0.740000   4720.432558  6.734098770000e-09   2.044445460000e-08    1.426585103644e-12   4.331055332069e-12   580_set2
6   19   55.000000   0.740000   4718.917762  6.698429580000e-09   2.047171630000e-08    1.419484279625e-12   4.338222730825e-12   580_set1
6   19   55.000000   0.740000   5769.285749  8.121403870000e-09   2.495779100000e-08    1.407696589029e-12   4.325975880866e-12   750_set3
6   19   55.000000   0.740000   5743.054669  8.082713000000e-09   2.328603900000e-08    1.407389179774e-12   4.054643450583e-12   750_set1
6   19   55.000000   0.740000   5757.391214  8.041226310000e-09   2.373509850000e-08    1.396678810091e-12   4.122543981775e-12   750_set2
6   20   55.000000   0.780000   4694.787405  4.446654110000e-09   1.561234610000e-08    9.471470646923e-13   3.325463914164e-12   580_set1
6   20   55.000000   0.780000   4690.347309  4.439849410000e-09   1.625795660000e-08    9.465928890768e-13   3.466258579360e-12   580_set2
6   20   55.000000   0.780000   5731.505033  5.435593890000e-09   1.905738560000e-08    9.483711274270e-13   3.325022919857e-12   750_set2
6   20   55.000000   0.780000   5718.800102  5.373815540000e-09   1.956257410000e-08    9.396753591930e-13   3.420748015507e-12   750_set1
6   20   55.000000   0.780000   5716.360207  5.320047960000e-09   1.856571620000e-08    9.306705258856e-13   3.247821258231e-12   750_set3
6   21   55.000000   0.820000   4652.230718  2.919858790000e-09   1.260597910000e-08    6.276255342846e-13   2.709663355952e-12   580_set2
6   21   55.000000   0.820000   4640.959462  2.909530890000e-09   1.235284100000e-08    6.269244353076e-13   2.661699827621e-12   580_set1
6   21   55.000000   0.820000   5734.357027  3.617433830000e-09   1.545701180000e-08    6.308351246648e-13   2.695509143784e-12   750_set2
6   21   55.000000   0.820000   5735.210269  3.591122340000e-09   1.516033060000e-08    6.261535622174e-13   2.643378339927e-12   750_set1
6   21   55.000000   0.820000   5736.596283  3.516825150000e-09   1.514170600000e-08    6.130508365077e-13   2.639493046577e-12   750_set3
6   22   55.000000   0.860000   4630.733692  1.910069610000e-09   1.069551150000e-08    4.124766693666e-13   2.309679677429e-12   580_set1
6   22   55.000000   0.860000   4637.243592  1.903414140000e-09   9.853725320000e-09    4.104624012600e-13   2.124910008394e-12   580_set2
6   22   55.000000   0.860000   5727.570425  2.356896880000e-09   1.171346200000e-08    4.115002880999e-13   2.045101348536e-12   750_set1
6   22   55.000000   0.860000   5742.979360  2.357342750000e-09   1.216864030000e-08    4.104738328713e-13   2.118872372197e-12   750_set2
6   22   55.000000   0.860000   5784.053005  2.365561200000e-09   1.183595510000e-08    4.089798620371e-13   2.046308201147e-12   750_set3
6   23   55.000000   0.900000   5775.806995  1.569530110000e-09   9.467942640000e-09    2.717421325468e-13   1.639241520396e-12   750_set3
6   23   55.000000   0.900000   5811.765091  1.575245060000e-09   9.170076810000e-09    2.710441725250e-13   1.577847119836e-12   750_set1
6   23   55.000000   0.900000   5782.586998  1.562455440000e-09   9.041249750000e-09    2.702000749043e-13   1.563530259575e-12   750_set2
6   23   55.000000   0.900000   4606.874015  1.235469830000e-09   7.682836610000e-09    2.681796432846e-13   1.667689757737e-12   580_set1
6   23   55.000000   0.900000   4605.519884  1.231373750000e-09   7.457879370000e-09    2.673691094632e-13   1.619334962793e-12   580_set2
6   24   55.000000   0.940000   5876.247704  1.037437470000e-09   7.550303820000e-09    1.765476069523e-13   1.284885219331e-12   750_set1
6   24   55.000000   0.940000   5856.425954  1.033859910000e-09   7.285736040000e-09    1.765342750204e-13   1.244058423555e-12   750_set3
6   24   55.000000   0.940000   4608.590489  7.989360020000e-10   5.882315800000e-09    1.733579939261e-13   1.276380666505e-12   580_set1
6   24   55.000000   0.940000   4617.778649  7.996372300000e-10   5.596934820000e-09    1.731649112660e-13   1.212040516756e-12   580_set2
6   24   55.000000   0.940000   5896.159265  1.021230830000e-09   6.985347720000e-09    1.732027213142e-13   1.184728465777e-12   750_set2
6   25   55.000000   0.980000   5895.029917  6.614794840000e-10   4.814815240000e-09    1.122096907587e-13   8.167584062831e-13   750_set3
6   25   55.000000   0.980000   4659.352366  5.203842880000e-10   4.195144400000e-09    1.116859698780e-13   9.003707104474e-13   580_set1
6   25   55.000000   0.980000   4642.576062  5.178055140000e-10   3.962763120000e-09    1.115340938059e-13   8.535698860027e-13   580_set2
6   25   55.000000   0.980000   5903.075549  6.595138690000e-10   4.787939130000e-09    1.117237723837e-13   8.110923009974e-13   750_set2
6   25   55.000000   0.980000   5946.407114  6.616120230000e-10   5.126826000000e-09    1.112624834318e-13   8.621720480472e-13   750_set1
6   26   55.000000   1.020000   6039.365648  4.454354930000e-10   3.898896740000e-09    7.375534434606e-14   6.455805074977e-13   750_set2
6   26   55.000000   1.020000   6025.378375  4.439077750000e-10   3.740322310000e-09    7.367301227784e-14   6.207613990715e-13   750_set1
6   26   55.000000   1.020000   4664.691095  3.340856350000e-10   2.975373060000e-09    7.162009835080e-14   6.378499667833e-13   580_set1
6   26   55.000000   1.020000   6089.111658  4.343996700000e-10   3.609988370000e-09    7.134040142445e-14   5.928596111811e-13   750_set3
6   26   55.000000   1.020000   4688.471313  3.351232440000e-10   3.040878800000e-09    7.147814748717e-14   6.485864148445e-13   580_set2
6   27   55.000000   1.060000   6364.501556  2.982697330000e-10   2.769202930000e-09    4.686458638993e-14   4.351013045773e-13   750_set3
6   27   55.000000   1.060000   4732.360545  2.170906810000e-10   2.034073700000e-09    4.587365627274e-14   4.298222167686e-13   580_set2
6   27   55.000000   1.060000   4756.267276  2.169513460000e-10   2.014335940000e-09    4.561378354298e-14   4.235119313341e-13   580_set1
6   27   55.000000   1.060000   6240.592178  2.820147200000e-10   2.652646510000e-09    4.519037808530e-14   4.250632687314e-13   750_set1
6   27   55.000000   1.060000   6293.837108  2.749002890000e-10   2.468259070000e-09    4.367769363630e-14   3.921707898768e-13   750_set2
6   28   55.000000   1.100000   6423.509469  2.104063900000e-10   3.352640900000e-09    3.275567522947e-14   5.219328960563e-13   750_set2
6   28   55.000000   1.100000   6600.773415  2.088419280000e-10   1.766293080000e-09    3.163900877516e-14   2.675888064853e-13   750_set1
6   28   55.000000   1.100000   4818.283564  1.408597020000e-10   1.382388520000e-09    2.923441514577e-14   2.869047663215e-13   580_set2
6   28   55.000000   1.100000   4846.984869  1.405064980000e-10   2.570130630000e-09    2.898843338642e-14   5.302534873665e-13   580_set1
6   28   55.000000   1.100000   5400.509202  1.496204200000e-10   6.636354140000e-09    2.770487270804e-14   1.228838594987e-12   750_set3
6   29   55.000000   1.140000   4911.621894  9.421726280000e-11   5.416480710000e-10    1.918251543652e-14   1.102788615837e-13   580_set2
6   29   55.000000   1.140000   4978.744354  9.496782880000e-11   6.338710660000e-10    1.907465458107e-14   1.273154476170e-13   580_set1
6   30   55.000000   1.180000   5147.597751  6.383845900000e-11   4.326825730000e-10    1.240160208470e-14   8.405524167384e-14   580_set2
6   30   55.000000   1.180000   5178.258971  6.265315460000e-11   3.921082530000e-10    1.209927022787e-14   7.572202456384e-14   580_set1
