# Laget Cross Section Results at the Averaged Kinematics
# averaged kinematic varibles used as input to calculate the cross section
# kinematics: Ei, Q2, omega, th_pq_cm, phi_pq
#
#\ xb = th_nq
#\ yb = pm
# current header line:
#! i_b[i,0]/ i_x[i,1]/ i_y[i,2]/ xb[f,3]/ yb[f,4]/ pwiaXsec[f,5]/ pwiaGEp[f,6]/ pwiaGMp[f,7]/ pwia_sigMott[f,8]/ pwia_Ksig_cc1[f,9]/ fsiXsec[f,10]/ fsiGEp[f,11]/ fsiGMp[f,12]/ fsi_sigMott[f,13]/ fsi_Ksig_cc1[f,14]/ 
22 1 1 5.0 0.02 0.001470339067017 0.023361 0.061241 0.345261 2337.401826 0.001373864194258 0.023147 0.060597 0.340113 2271.269355 
43 1 2 5.0 0.06 0.0003679939858259 0.02223 0.057852 0.324744 2058.794285 0.0003567789778477 0.022368 0.058266 0.327906 2098.992569 
64 1 3 5.0 0.1 7.08587008153e-05 0.020868 0.053794 0.300477 1744.75342 6.66563987843e-05 0.020812 0.053627 0.29914 1727.225283 
85 1 4 5.0 0.14 1.628591818563e-05 0.01916 0.048739 0.26807 1372.191816 1.535268322599e-05 0.019136 0.048666 0.267523 1367.373105 
106 1 5 5.0 0.18 4.68350699961e-06 0.018175 0.045841 0.251695 1190.765981 4.618028431201e-06 0.018183 0.045864 0.251715 1192.855592 
127 1 6 5.0 0.22 1.75753469931e-06 0.017523 0.043932 0.241787 1069.396276 1.709523681267e-06 0.017618 0.044212 0.243803 1086.140396 
148 1 7 5.0 0.26 7.886611300096e-07 0.017505 0.043881 0.245208 1048.600331 7.429386175866e-07 0.017228 0.043071 0.239115 1006.087578 
169 1 8 5.0 0.3 -1.0 -1.0 -1.0 -1.0 -1.0 -1.0 -1.0 -1.0 -1.0 -1.0 
190 1 9 5.0 0.34 -1.0 -1.0 -1.0 -1.0 -1.0 -1.0 -1.0 -1.0 -1.0 -1.0 
211 1 10 5.0 0.38 -1.0 -1.0 -1.0 -1.0 -1.0 -1.0 -1.0 -1.0 -1.0 -1.0 
232 1 11 5.0 0.42 -1.0 -1.0 -1.0 -1.0 -1.0 -1.0 -1.0 -1.0 -1.0 -1.0 
253 1 12 5.0 0.46 -1.0 -1.0 -1.0 -1.0 -1.0 -1.0 -1.0 -1.0 -1.0 -1.0 
274 1 13 5.0 0.5 -1.0 -1.0 -1.0 -1.0 -1.0 -1.0 -1.0 -1.0 -1.0 -1.0 
295 1 14 5.0 0.54 -1.0 -1.0 -1.0 -1.0 -1.0 -1.0 -1.0 -1.0 -1.0 -1.0 
316 1 15 5.0 0.58 -1.0 -1.0 -1.0 -1.0 -1.0 -1.0 -1.0 -1.0 -1.0 -1.0 
337 1 16 5.0 0.62 -1.0 -1.0 -1.0 -1.0 -1.0 -1.0 -1.0 -1.0 -1.0 -1.0 
358 1 17 5.0 0.66 -1.0 -1.0 -1.0 -1.0 -1.0 -1.0 -1.0 -1.0 -1.0 -1.0 
379 1 18 5.0 0.7 -1.0 -1.0 -1.0 -1.0 -1.0 -1.0 -1.0 -1.0 -1.0 -1.0 
400 1 19 5.0 0.74 -1.0 -1.0 -1.0 -1.0 -1.0 -1.0 -1.0 -1.0 -1.0 -1.0 
421 1 20 5.0 0.78 -1.0 -1.0 -1.0 -1.0 -1.0 -1.0 -1.0 -1.0 -1.0 -1.0 
442 1 21 5.0 0.82 -1.0 -1.0 -1.0 -1.0 -1.0 -1.0 -1.0 -1.0 -1.0 -1.0 
463 1 22 5.0 0.86 -1.0 -1.0 -1.0 -1.0 -1.0 -1.0 -1.0 -1.0 -1.0 -1.0 
484 1 23 5.0 0.9 -1.0 -1.0 -1.0 -1.0 -1.0 -1.0 -1.0 -1.0 -1.0 -1.0 
505 1 24 5.0 0.94 -1.0 -1.0 -1.0 -1.0 -1.0 -1.0 -1.0 -1.0 -1.0 -1.0 
526 1 25 5.0 0.98 -1.0 -1.0 -1.0 -1.0 -1.0 -1.0 -1.0 -1.0 -1.0 -1.0 
547 1 26 5.0 1.02 -1.0 -1.0 -1.0 -1.0 -1.0 -1.0 -1.0 -1.0 -1.0 -1.0 
568 1 27 5.0 1.06 -1.0 -1.0 -1.0 -1.0 -1.0 -1.0 -1.0 -1.0 -1.0 -1.0 
589 1 28 5.0 1.1 -1.0 -1.0 -1.0 -1.0 -1.0 -1.0 -1.0 -1.0 -1.0 -1.0 
610 1 29 5.0 1.14 -1.0 -1.0 -1.0 -1.0 -1.0 -1.0 -1.0 -1.0 -1.0 -1.0 
631 1 30 5.0 1.18 -1.0 -1.0 -1.0 -1.0 -1.0 -1.0 -1.0 -1.0 -1.0 -1.0 
23 2 1 15.0 0.02 0.001612907850341 0.023438 0.061471 0.346079 2349.018632 0.001482122929011 0.023471 0.06157 0.347294 2366.421163 
44 2 2 15.0 0.06 0.000373214542465 0.022459 0.058537 0.329751 2121.566903 0.0003673678986208 0.022583 0.058908 0.332661 2155.271386 
65 2 3 15.0 0.1 7.702168428389e-05 0.021084 0.054437 0.304711 1787.286237 7.445244834441e-05 0.021079 0.054421 0.304497 1790.297775 
86 2 4 15.0 0.14 1.66761325095e-05 0.01944 0.049563 0.273548 1419.576055 1.569055889894e-05 0.019509 0.049767 0.275169 1434.179288 
107 2 5 15.0 0.18 4.800495102602e-06 0.018589 0.047058 0.259948 1244.134831 4.512950132773e-06 0.018596 0.047077 0.260143 1243.796503 
128 2 6 15.0 0.22 1.619587747329e-06 0.018085 0.045576 0.253481 1127.36862 1.536479728073e-06 0.018159 0.045795 0.255165 1140.915812 
149 2 7 15.0 0.26 6.657540549949e-07 0.017801 0.044746 0.251083 1062.594704 6.024673446219e-07 0.017787 0.044704 0.250921 1059.595443 
170 2 8 15.0 0.3 2.876796257424e-07 0.017482 0.043814 0.24776 990.965558 2.74995278987e-07 0.017625 0.044232 0.250717 1014.742073 
191 2 9 15.0 0.34 1.715568286422e-07 0.017292 0.043258 0.246107 946.248264 1.484462326095e-07 0.017363 0.043467 0.247339 954.498696 
212 2 10 15.0 0.38 -1.0 -1.0 -1.0 -1.0 -1.0 -1.0 -1.0 -1.0 -1.0 -1.0 
233 2 11 15.0 0.42 -1.0 -1.0 -1.0 -1.0 -1.0 -1.0 -1.0 -1.0 -1.0 -1.0 
254 2 12 15.0 0.46 -1.0 -1.0 -1.0 -1.0 -1.0 -1.0 -1.0 -1.0 -1.0 -1.0 
275 2 13 15.0 0.5 -1.0 -1.0 -1.0 -1.0 -1.0 -1.0 -1.0 -1.0 -1.0 -1.0 
296 2 14 15.0 0.54 -1.0 -1.0 -1.0 -1.0 -1.0 -1.0 -1.0 -1.0 -1.0 -1.0 
317 2 15 15.0 0.58 -1.0 -1.0 -1.0 -1.0 -1.0 -1.0 -1.0 -1.0 -1.0 -1.0 
338 2 16 15.0 0.62 -1.0 -1.0 -1.0 -1.0 -1.0 -1.0 -1.0 -1.0 -1.0 -1.0 
359 2 17 15.0 0.66 -1.0 -1.0 -1.0 -1.0 -1.0 -1.0 -1.0 -1.0 -1.0 -1.0 
380 2 18 15.0 0.7 -1.0 -1.0 -1.0 -1.0 -1.0 -1.0 -1.0 -1.0 -1.0 -1.0 
401 2 19 15.0 0.74 -1.0 -1.0 -1.0 -1.0 -1.0 -1.0 -1.0 -1.0 -1.0 -1.0 
422 2 20 15.0 0.78 -1.0 -1.0 -1.0 -1.0 -1.0 -1.0 -1.0 -1.0 -1.0 -1.0 
443 2 21 15.0 0.82 -1.0 -1.0 -1.0 -1.0 -1.0 -1.0 -1.0 -1.0 -1.0 -1.0 
464 2 22 15.0 0.86 -1.0 -1.0 -1.0 -1.0 -1.0 -1.0 -1.0 -1.0 -1.0 -1.0 
485 2 23 15.0 0.9 -1.0 -1.0 -1.0 -1.0 -1.0 -1.0 -1.0 -1.0 -1.0 -1.0 
506 2 24 15.0 0.94 -1.0 -1.0 -1.0 -1.0 -1.0 -1.0 -1.0 -1.0 -1.0 -1.0 
527 2 25 15.0 0.98 -1.0 -1.0 -1.0 -1.0 -1.0 -1.0 -1.0 -1.0 -1.0 -1.0 
548 2 26 15.0 1.02 -1.0 -1.0 -1.0 -1.0 -1.0 -1.0 -1.0 -1.0 -1.0 -1.0 
569 2 27 15.0 1.06 -1.0 -1.0 -1.0 -1.0 -1.0 -1.0 -1.0 -1.0 -1.0 -1.0 
590 2 28 15.0 1.1 -1.0 -1.0 -1.0 -1.0 -1.0 -1.0 -1.0 -1.0 -1.0 -1.0 
611 2 29 15.0 1.14 -1.0 -1.0 -1.0 -1.0 -1.0 -1.0 -1.0 -1.0 -1.0 -1.0 
632 2 30 15.0 1.18 -1.0 -1.0 -1.0 -1.0 -1.0 -1.0 -1.0 -1.0 -1.0 -1.0 
24 3 1 25.0 0.02 0.001539658573414 0.023496 0.061646 0.347156 2373.420671 0.001541886810287 0.02339 0.061327 0.344556 2341.102071 
45 3 2 25.0 0.06 0.0004045717008671 0.022706 0.059277 0.334698 2189.704892 0.000386962657267 0.02263 0.059051 0.332912 2167.877558 
66 3 3 25.0 0.1 7.920998127336e-05 0.021332 0.055174 0.309301 1841.732264 7.650310420492e-05 0.021381 0.055321 0.310387 1855.741031 
87 3 4 25.0 0.14 1.702596725354e-05 0.020045 0.051354 0.285783 1534.383082 1.588308038345e-05 0.020027 0.051299 0.285338 1532.347086 
108 3 5 25.0 0.18 4.864616524018e-06 0.019194 0.048838 0.271752 1333.249397 4.601743605286e-06 0.019233 0.048954 0.272636 1338.728103 
129 3 6 25.0 0.22 1.629277718744e-06 0.018761 0.047563 0.266566 1216.653477 1.527938180808e-06 0.018739 0.047498 0.266095 1212.491001 
150 3 7 25.0 0.26 6.313713795053e-07 0.018368 0.046408 0.261679 1121.755067 5.89394228017e-07 0.01838 0.046443 0.261958 1122.605687 
171 3 8 25.0 0.3 2.828768912497e-07 0.01803 0.045417 0.257565 1041.847313 2.57952048986e-07 0.018013 0.045366 0.257141 1039.189962 
192 3 9 25.0 0.34 1.492816111825e-07 0.017708 0.044473 0.253048 968.088171 1.290030749139e-07 0.017681 0.044394 0.252499 964.218198 
213 3 10 25.0 0.38 9.01982632596e-08 0.017383 0.043525 0.24791 901.86214 7.445864679298e-08 0.017383 0.043525 0.247802 900.431081 
234 3 11 25.0 0.42 6.751350646626e-08 0.017122 0.042763 0.24311 853.372771 5.623127851391e-08 0.01707 0.042611 0.242271 878.017993 
255 3 12 25.0 0.46 -1.0 -1.0 -1.0 -1.0 -1.0 -1.0 -1.0 -1.0 -1.0 -1.0 
276 3 13 25.0 0.5 0.0 0.016167 0.039988 0.221488 803.831431 -1.0 -1.0 -1.0 -1.0 -1.0 
297 3 14 25.0 0.54 -1.0 -1.0 -1.0 -1.0 -1.0 -1.0 -1.0 -1.0 -1.0 -1.0 
318 3 15 25.0 0.58 -1.0 -1.0 -1.0 -1.0 -1.0 -1.0 -1.0 -1.0 -1.0 -1.0 
339 3 16 25.0 0.62 -1.0 -1.0 -1.0 -1.0 -1.0 -1.0 -1.0 -1.0 -1.0 -1.0 
360 3 17 25.0 0.66 -1.0 -1.0 -1.0 -1.0 -1.0 -1.0 -1.0 -1.0 -1.0 -1.0 
381 3 18 25.0 0.7 -1.0 -1.0 -1.0 -1.0 -1.0 -1.0 -1.0 -1.0 -1.0 -1.0 
402 3 19 25.0 0.74 -1.0 -1.0 -1.0 -1.0 -1.0 -1.0 -1.0 -1.0 -1.0 -1.0 
423 3 20 25.0 0.78 -1.0 -1.0 -1.0 -1.0 -1.0 -1.0 -1.0 -1.0 -1.0 -1.0 
444 3 21 25.0 0.82 -1.0 -1.0 -1.0 -1.0 -1.0 -1.0 -1.0 -1.0 -1.0 -1.0 
465 3 22 25.0 0.86 -1.0 -1.0 -1.0 -1.0 -1.0 -1.0 -1.0 -1.0 -1.0 -1.0 
486 3 23 25.0 0.9 -1.0 -1.0 -1.0 -1.0 -1.0 -1.0 -1.0 -1.0 -1.0 -1.0 
507 3 24 25.0 0.94 -1.0 -1.0 -1.0 -1.0 -1.0 -1.0 -1.0 -1.0 -1.0 -1.0 
528 3 25 25.0 0.98 -1.0 -1.0 -1.0 -1.0 -1.0 -1.0 -1.0 -1.0 -1.0 -1.0 
549 3 26 25.0 1.02 -1.0 -1.0 -1.0 -1.0 -1.0 -1.0 -1.0 -1.0 -1.0 -1.0 
570 3 27 25.0 1.06 -1.0 -1.0 -1.0 -1.0 -1.0 -1.0 -1.0 -1.0 -1.0 -1.0 
591 3 28 25.0 1.1 -1.0 -1.0 -1.0 -1.0 -1.0 -1.0 -1.0 -1.0 -1.0 -1.0 
612 3 29 25.0 1.14 -1.0 -1.0 -1.0 -1.0 -1.0 -1.0 -1.0 -1.0 -1.0 -1.0 
633 3 30 25.0 1.18 -1.0 -1.0 -1.0 -1.0 -1.0 -1.0 -1.0 -1.0 -1.0 -1.0 
25 4 1 35.0 0.02 0.001558933799421 0.02352 0.061717 0.347236 2374.083505 0.001463903475041 0.023417 0.061408 0.344902 2348.534782 
46 4 2 35.0 0.06 0.0004060119521018 0.022739 0.059376 0.334438 2200.136164 0.0004032657648047 0.022796 0.059547 0.335606 2218.685827 
67 4 3 35.0 0.1 8.347088588396e-05 0.021771 0.056482 0.317615 1948.168639 7.825319388299e-05 0.021786 0.056528 0.317925 1953.814337 
88 4 4 35.0 0.14 1.882386715534e-05 0.020766 0.05349 0.299941 1688.000466 1.770453220616e-05 0.020768 0.053498 0.299923 1686.753285 
109 4 5 35.0 0.18 5.305556443239e-06 0.020046 0.051356 0.288175 1490.082765 4.822298647548e-06 0.020035 0.051322 0.287938 1488.301588 
130 4 6 35.0 0.22 1.739659551593e-06 0.019565 0.049934 0.281444 1345.560899 1.607736998375e-06 0.019552 0.049895 0.281143 1346.528619 
151 4 7 35.0 0.26 6.529639535813e-07 0.019107 0.048581 0.274667 1226.346971 6.124028538819e-07 0.019082 0.048508 0.274124 1223.144172 
172 4 8 35.0 0.3 2.86253578512e-07 0.018655 0.047252 0.267644 1120.688295 2.72968222559e-07 0.018659 0.047262 0.267671 1122.352553 
193 4 9 35.0 0.34 1.462948916935e-07 0.018251 0.046064 0.261166 1032.42926 1.38459859236e-07 0.018247 0.046052 0.261044 1032.321271 
214 4 10 35.0 0.38 8.586585606174e-08 0.017902 0.045041 0.25536 962.87869 7.990755615872e-08 0.017908 0.045058 0.255441 965.12886 
235 4 11 35.0 0.42 5.606342838858e-08 0.017649 0.0443 0.250889 918.321309 5.20344639794e-08 0.01766 0.044333 0.251079 921.65506 
256 4 12 35.0 0.46 3.92480994955e-08 0.017441 0.043694 0.247024 890.499817 3.686688200041e-08 0.017464 0.04376 0.247365 895.778383 
277 4 13 35.0 0.5 2.932216461952e-08 0.01719 0.042962 0.242035 855.818675 2.763637858995e-08 0.017255 0.04315 0.243287 867.285706 
298 4 14 35.0 0.54 -1.0 -1.0 -1.0 -1.0 -1.0 -1.0 -1.0 -1.0 -1.0 -1.0 
319 4 15 35.0 0.58 -1.0 -1.0 -1.0 -1.0 -1.0 -1.0 -1.0 -1.0 -1.0 -1.0 
340 4 16 35.0 0.62 -1.0 -1.0 -1.0 -1.0 -1.0 -1.0 -1.0 -1.0 -1.0 -1.0 
361 4 17 35.0 0.66 -1.0 -1.0 -1.0 -1.0 -1.0 -1.0 -1.0 -1.0 -1.0 -1.0 
382 4 18 35.0 0.7 -1.0 -1.0 -1.0 -1.0 -1.0 -1.0 -1.0 -1.0 -1.0 -1.0 
403 4 19 35.0 0.74 -1.0 -1.0 -1.0 -1.0 -1.0 -1.0 -1.0 -1.0 -1.0 -1.0 
424 4 20 35.0 0.78 -1.0 -1.0 -1.0 -1.0 -1.0 -1.0 -1.0 -1.0 -1.0 -1.0 
445 4 21 35.0 0.82 -1.0 -1.0 -1.0 -1.0 -1.0 -1.0 -1.0 -1.0 -1.0 -1.0 
466 4 22 35.0 0.86 -1.0 -1.0 -1.0 -1.0 -1.0 -1.0 -1.0 -1.0 -1.0 -1.0 
487 4 23 35.0 0.9 -1.0 -1.0 -1.0 -1.0 -1.0 -1.0 -1.0 -1.0 -1.0 -1.0 
508 4 24 35.0 0.94 -1.0 -1.0 -1.0 -1.0 -1.0 -1.0 -1.0 -1.0 -1.0 -1.0 
529 4 25 35.0 0.98 -1.0 -1.0 -1.0 -1.0 -1.0 -1.0 -1.0 -1.0 -1.0 -1.0 
550 4 26 35.0 1.02 -1.0 -1.0 -1.0 -1.0 -1.0 -1.0 -1.0 -1.0 -1.0 -1.0 
571 4 27 35.0 1.06 -1.0 -1.0 -1.0 -1.0 -1.0 -1.0 -1.0 -1.0 -1.0 -1.0 
592 4 28 35.0 1.1 -1.0 -1.0 -1.0 -1.0 -1.0 -1.0 -1.0 -1.0 -1.0 -1.0 
613 4 29 35.0 1.14 -1.0 -1.0 -1.0 -1.0 -1.0 -1.0 -1.0 -1.0 -1.0 -1.0 
634 4 30 35.0 1.18 -1.0 -1.0 -1.0 -1.0 -1.0 -1.0 -1.0 -1.0 -1.0 -1.0 
26 5 1 45.0 0.02 0.001587494673369 0.023705 0.062272 0.35086 2420.092068 0.001645329766467 0.023607 0.061978 0.348199 2397.436108 
47 5 2 45.0 0.06 0.0004530201830539 0.022892 0.059833 0.336327 2247.644246 0.0004347675721073 0.022968 0.060063 0.338158 2271.159529 
68 5 3 45.0 0.1 8.855740626102e-05 0.02216 0.057644 0.324263 2064.10316 8.053278955025e-05 0.022106 0.057483 0.32307 2042.930515 
89 5 4 45.0 0.14 1.966354351362e-05 0.021441 0.0555 0.312335 1848.889754 1.765564944385e-05 0.021407 0.055399 0.311533 1843.83918 
110 5 5 45.0 0.18 5.531586169685e-06 0.020898 0.053884 0.30382 1681.912471 4.912275645603e-06 0.020901 0.053894 0.303909 1682.922069 
131 5 6 45.0 0.22 1.872600839581e-06 0.020499 0.0527 0.298147 1549.31924 1.64450614069e-06 0.020453 0.052561 0.297125 1542.348465 
152 5 7 45.0 0.26 7.158909461606e-07 0.020023 0.051287 0.290229 1421.205957 6.545895079307e-07 0.019986 0.051178 0.289455 1416.512903 
173 5 8 45.0 0.3 3.188592709255e-07 0.01955 0.04989 0.28199 1314.468274 3.113926836745e-07 0.019554 0.049902 0.282133 1314.95685 
194 5 9 45.0 0.34 1.619137339492e-07 0.019141 0.048683 0.274795 1227.63311 1.698022730209e-07 0.019152 0.048713 0.274983 1229.42334 
215 5 10 45.0 0.38 9.476081101995e-08 0.018802 0.047684 0.268785 1159.847289 1.047485691633e-07 0.018831 0.04777 0.269337 1164.898278 
236 5 11 45.0 0.42 6.118371487368e-08 0.018545 0.046928 0.264098 1110.227447 7.022712194902e-08 0.01854 0.046914 0.263894 1112.400301 
257 5 12 45.0 0.46 4.198414350447e-08 0.018327 0.046288 0.259946 1071.539966 4.993782363348e-08 0.018325 0.046283 0.259756 1073.00526 
278 5 13 45.0 0.5 2.997833735512e-08 0.01816 0.045797 0.256374 1045.037416 3.694308459801e-08 0.018186 0.045874 0.256765 1049.695867 
299 5 14 45.0 0.54 2.209288981881e-08 0.018063 0.045512 0.253904 1031.85961 2.813079544444e-08 0.018082 0.045568 0.254337 1035.509043 
320 5 15 45.0 0.58 1.638423024551e-08 0.018021 0.045391 0.252338 1027.295745 2.165926076738e-08 0.018019 0.045385 0.252284 1030.884184 
341 5 16 45.0 0.62 1.211193713537e-08 0.017981 0.045273 0.250866 1025.524714 1.663087450031e-08 0.017973 0.04525 0.250775 1026.142814 
362 5 17 45.0 0.66 9.39269934102e-09 0.018019 0.045384 0.25089 1050.680534 1.33188969056e-08 0.018038 0.045439 0.251038 1046.70846 
383 5 18 45.0 0.7 6.958030470903e-09 0.017939 0.045151 0.248383 1016.0699 1.145754649792e-08 0.01826 0.046089 0.254375 1089.639546 
404 5 19 45.0 0.74 -1.0 -1.0 -1.0 -1.0 -1.0 -1.0 -1.0 -1.0 -1.0 -1.0 
425 5 20 45.0 0.78 -1.0 -1.0 -1.0 -1.0 -1.0 -1.0 -1.0 -1.0 -1.0 -1.0 
446 5 21 45.0 0.82 -1.0 -1.0 -1.0 -1.0 -1.0 -1.0 -1.0 -1.0 -1.0 -1.0 
467 5 22 45.0 0.86 -1.0 -1.0 -1.0 -1.0 -1.0 -1.0 -1.0 -1.0 -1.0 -1.0 
488 5 23 45.0 0.9 -1.0 -1.0 -1.0 -1.0 -1.0 -1.0 -1.0 -1.0 -1.0 -1.0 
509 5 24 45.0 0.94 -1.0 -1.0 -1.0 -1.0 -1.0 -1.0 -1.0 -1.0 -1.0 -1.0 
530 5 25 45.0 0.98 -1.0 -1.0 -1.0 -1.0 -1.0 -1.0 -1.0 -1.0 -1.0 -1.0 
551 5 26 45.0 1.02 -1.0 -1.0 -1.0 -1.0 -1.0 -1.0 -1.0 -1.0 -1.0 -1.0 
572 5 27 45.0 1.06 -1.0 -1.0 -1.0 -1.0 -1.0 -1.0 -1.0 -1.0 -1.0 -1.0 
593 5 28 45.0 1.1 -1.0 -1.0 -1.0 -1.0 -1.0 -1.0 -1.0 -1.0 -1.0 -1.0 
614 5 29 45.0 1.14 -1.0 -1.0 -1.0 -1.0 -1.0 -1.0 -1.0 -1.0 -1.0 -1.0 
635 5 30 45.0 1.18 -1.0 -1.0 -1.0 -1.0 -1.0 -1.0 -1.0 -1.0 -1.0 -1.0 
27 6 1 55.0 0.02 0.001629598959197 0.023649 0.062103 0.348442 2419.761562 0.001677045629797 0.023679 0.062195 0.349006 2426.168395 
48 6 2 55.0 0.06 0.0004959996279805 0.023119 0.060513 0.339808 2321.81477 0.0004933709882344 0.023161 0.06064 0.340642 2327.388231 
69 6 3 55.0 0.1 9.955216287134e-05 0.022463 0.058549 0.328465 2165.34533 9.333853452824e-05 0.022495 0.058646 0.329155 2178.741123 
90 6 4 55.0 0.14 2.286332009582e-05 0.021837 0.05668 0.317488 1991.572467 2.011366516956e-05 0.021869 0.056777 0.318235 1997.369997 
111 6 5 55.0 0.18 6.489579059211e-06 0.021513 0.055713 0.31314 1873.046814 5.413788727907e-06 0.021524 0.055748 0.313459 1876.831796 
132 6 6 55.0 0.22 2.149799106479e-06 0.021238 0.054894 0.309292 1777.361209 1.743636430318e-06 0.021221 0.054845 0.30899 1773.710622 
153 6 7 55.0 0.26 8.207247852422e-07 0.02092 0.05395 0.303912 1687.899128 6.88885204099e-07 0.020888 0.053854 0.303298 1680.019536 
174 6 8 55.0 0.3 3.595424877024e-07 0.020649 0.053145 0.299152 1618.580083 3.348171563097e-07 0.020628 0.053081 0.298763 1612.044291 
195 6 9 55.0 0.34 1.859907810939e-07 0.020374 0.052328 0.294047 1551.333228 2.039718667621e-07 0.020381 0.052348 0.294131 1552.803333 
216 6 10 55.0 0.38 1.107132484237e-07 0.020126 0.051592 0.289025 1497.63695 1.421841051722e-07 0.020192 0.051788 0.290465 1508.578534 
237 6 11 55.0 0.42 7.318968654227e-08 0.02 0.051221 0.28652 1469.058935 1.057128946992e-07 0.020012 0.051254 0.286598 1471.051309 
258 6 12 55.0 0.46 5.098898881288e-08 0.019857 0.050798 0.283252 1440.824589 8.224228212986e-08 0.019902 0.050929 0.283941 1452.322349 
279 6 13 55.0 0.5 3.660245560702e-08 0.019737 0.050443 0.280157 1421.941871 6.524884667504e-08 0.019845 0.050762 0.282164 1444.594918 
300 6 14 55.0 0.54 2.688053218497e-08 0.019663 0.050222 0.277893 1413.401691 5.214701929053e-08 0.019812 0.050662 0.28062 1445.446088 
321 6 15 55.0 0.58 1.996161680269e-08 0.019637 0.050146 0.276441 1411.48431 4.115469627988e-08 0.019761 0.050512 0.278692 1438.843282 
342 6 16 55.0 0.62 1.470635375756e-08 0.019463 0.049631 0.272023 1387.456165 3.191032486201e-08 0.019561 0.04992 0.273299 1413.122387 
363 6 17 55.0 0.66 1.080768476751e-08 0.019131 0.048652 0.264231 1346.372983 2.448757991463e-08 0.01924 0.048975 0.265507 1383.045471 
384 6 18 55.0 0.7 -1.0 -1.0 -1.0 -1.0 -1.0 2.333384246363e-08 0.019136 0.048668 0.255946 1481.885861 
405 6 19 55.0 0.74 -1.0 -1.0 -1.0 -1.0 -1.0 -1.0 -1.0 -1.0 -1.0 -1.0 
426 6 20 55.0 0.78 -1.0 -1.0 -1.0 -1.0 -1.0 -1.0 -1.0 -1.0 -1.0 -1.0 
447 6 21 55.0 0.82 -1.0 -1.0 -1.0 -1.0 -1.0 -1.0 -1.0 -1.0 -1.0 -1.0 
468 6 22 55.0 0.86 -1.0 -1.0 -1.0 -1.0 -1.0 -1.0 -1.0 -1.0 -1.0 -1.0 
489 6 23 55.0 0.9 -1.0 -1.0 -1.0 -1.0 -1.0 -1.0 -1.0 -1.0 -1.0 -1.0 
510 6 24 55.0 0.94 -1.0 -1.0 -1.0 -1.0 -1.0 -1.0 -1.0 -1.0 -1.0 -1.0 
531 6 25 55.0 0.98 -1.0 -1.0 -1.0 -1.0 -1.0 -1.0 -1.0 -1.0 -1.0 -1.0 
552 6 26 55.0 1.02 -1.0 -1.0 -1.0 -1.0 -1.0 -1.0 -1.0 -1.0 -1.0 -1.0 
573 6 27 55.0 1.06 -1.0 -1.0 -1.0 -1.0 -1.0 -1.0 -1.0 -1.0 -1.0 -1.0 
594 6 28 55.0 1.1 -1.0 -1.0 -1.0 -1.0 -1.0 -1.0 -1.0 -1.0 -1.0 -1.0 
615 6 29 55.0 1.14 -1.0 -1.0 -1.0 -1.0 -1.0 -1.0 -1.0 -1.0 -1.0 -1.0 
636 6 30 55.0 1.18 -1.0 -1.0 -1.0 -1.0 -1.0 -1.0 -1.0 -1.0 -1.0 -1.0 
28 7 1 65.0 0.02 0.001764865790916 0.023801 0.06256 0.350692 2462.061937 0.001737433623241 0.023892 0.062834 0.352908 2495.431899 
49 7 2 65.0 0.06 0.0005490587489877 0.023276 0.060984 0.341166 2379.389834 0.0005375766261766 0.023354 0.06122 0.343036 2399.263232 
70 7 3 65.0 0.1 0.0001124320787164 0.022821 0.059621 0.333271 2311.190456 0.0001031227383703 0.022813 0.059596 0.333114 2308.350312 
91 7 4 65.0 0.14 2.567981892489e-05 0.022294 0.058045 0.323361 2179.323786 2.166355873018e-05 0.022298 0.058055 0.323466 2182.583368 
112 7 5 65.0 0.18 6.986889128436e-06 0.021982 0.057112 0.317954 2089.946343 5.423356841929e-06 0.021976 0.057095 0.317882 2085.0938 
133 7 6 65.0 0.22 2.199204755203e-06 0.02184 0.05669 0.316092 2029.799771 1.526087593626e-06 0.021795 0.056554 0.315141 2016.638964 
154 7 7 65.0 0.26 8.940908755837e-07 0.021719 0.056327 0.314132 1981.203192 6.217785068202e-07 0.021688 0.056234 0.313598 1974.514523 
175 7 8 65.0 0.3 4.165118233555e-07 0.021642 0.056099 0.312752 1960.951364 3.349730156211e-07 0.021635 0.056077 0.312816 1953.29145 
196 7 9 65.0 0.34 2.200488219668e-07 0.021526 0.055752 0.309992 1931.729897 2.315736008624e-07 0.021561 0.055858 0.310815 1941.671645 
217 7 10 65.0 0.38 1.334533569449e-07 0.021509 0.055702 0.308965 1939.053338 1.868633317731e-07 0.021566 0.055871 0.310166 1948.245596 
238 7 11 65.0 0.42 8.802139234429e-08 0.021474 0.055597 0.307199 1941.494527 1.61453484594e-07 0.021589 0.055939 0.309493 1969.098456 
259 7 12 65.0 0.46 6.267809615192e-08 0.02154 0.055795 0.307205 1973.511431 1.417716256059e-07 0.021613 0.056012 0.308436 1994.775946 
280 7 13 65.0 0.5 4.553788390922e-08 0.021471 0.055588 0.303639 1976.175653 1.232041877533e-07 0.021638 0.056087 0.307174 2021.028588 
301 7 14 65.0 0.54 3.443311274256e-08 0.021596 0.055961 0.304278 2037.390539 1.056968656112e-07 0.021692 0.056246 0.306086 2061.91079 
322 7 15 65.0 0.58 2.598380580541e-08 0.021635 0.056078 0.302309 2082.99713 8.786539480278e-08 0.021678 0.056206 0.303054 2099.698245 
343 7 16 65.0 0.62 1.93146008471e-08 0.021486 0.055632 0.295403 2108.686302 6.916387402596e-08 0.021619 0.05603 0.298341 2143.870151 
364 7 17 65.0 0.66 1.485738829949e-08 0.021659 0.056148 0.293816 2242.478823 4.92817769641e-08 0.021503 0.055683 0.291562 2187.693742 
385 7 18 65.0 0.7 1.171660176544e-08 0.022016 0.057213 0.295889 2439.498412 3.16577547859e-08 0.021776 0.056498 0.290909 2360.957262 
406 7 19 65.0 0.74 8.527627165726e-09 0.022307 0.058084 0.296004 2606.306004 2.189760183181e-08 0.022413 0.058401 0.298467 2667.967539 
427 7 20 65.0 0.78 -1.0 -1.0 -1.0 -1.0 -1.0 -1.0 -1.0 -1.0 -1.0 -1.0 
448 7 21 65.0 0.82 -1.0 -1.0 -1.0 -1.0 -1.0 -1.0 -1.0 -1.0 -1.0 -1.0 
469 7 22 65.0 0.86 -1.0 -1.0 -1.0 -1.0 -1.0 -1.0 -1.0 -1.0 -1.0 -1.0 
490 7 23 65.0 0.9 -1.0 -1.0 -1.0 -1.0 -1.0 -1.0 -1.0 -1.0 -1.0 -1.0 
511 7 24 65.0 0.94 -1.0 -1.0 -1.0 -1.0 -1.0 -1.0 -1.0 -1.0 -1.0 -1.0 
532 7 25 65.0 0.98 -1.0 -1.0 -1.0 -1.0 -1.0 -1.0 -1.0 -1.0 -1.0 -1.0 
553 7 26 65.0 1.02 -1.0 -1.0 -1.0 -1.0 -1.0 -1.0 -1.0 -1.0 -1.0 -1.0 
574 7 27 65.0 1.06 -1.0 -1.0 -1.0 -1.0 -1.0 -1.0 -1.0 -1.0 -1.0 -1.0 
595 7 28 65.0 1.1 -1.0 -1.0 -1.0 -1.0 -1.0 -1.0 -1.0 -1.0 -1.0 -1.0 
616 7 29 65.0 1.14 -1.0 -1.0 -1.0 -1.0 -1.0 -1.0 -1.0 -1.0 -1.0 -1.0 
637 7 30 65.0 1.18 -1.0 -1.0 -1.0 -1.0 -1.0 -1.0 -1.0 -1.0 -1.0 -1.0 
29 8 1 75.0 0.02 0.001716002436582 0.02375 0.062409 0.348247 2440.353187 0.001745797093957 0.023829 0.062646 0.350109 2478.512695 
50 8 2 75.0 0.06 0.00062415185648 0.023527 0.061738 0.344557 2463.951728 0.0005594884095608 0.023514 0.061698 0.344278 2459.377795 
71 8 3 75.0 0.1 0.0001158138439928 0.023158 0.060631 0.337317 2443.253194 0.0001125527669837 0.023194 0.060739 0.33815 2446.594253 
92 8 4 75.0 0.14 2.75757112574e-05 0.022898 0.059851 0.332128 2413.622753 2.242799089461e-05 0.022898 0.059851 0.332058 2419.116785 
113 8 5 75.0 0.18 7.285235186793e-06 0.022656 0.059128 0.326825 2376.688279 5.062000796936e-06 0.022656 0.059127 0.326783 2377.910362 
134 8 6 75.0 0.22 2.517682174976e-06 0.022586 0.058917 0.325012 2355.903466 1.438597072089e-06 0.022558 0.058833 0.324511 2351.702465 
155 8 7 75.0 0.26 1.039270360327e-06 0.022647 0.0591 0.325824 2375.431136 5.444967199004e-07 0.022614 0.059001 0.325155 2366.681497 
176 8 8 75.0 0.3 4.831548686508e-07 0.022675 0.059184 0.325319 2395.948021 3.139769744944e-07 0.022671 0.059174 0.325254 2395.971667 
197 8 9 75.0 0.34 2.604812245987e-07 0.022753 0.059417 0.325391 2443.673907 2.607447209557e-07 0.022768 0.059463 0.325737 2443.668576 
218 8 10 75.0 0.38 1.591361454682e-07 0.022826 0.059637 0.325179 2491.315569 2.418751270414e-07 0.022884 0.059809 0.32641 2501.167325 
239 8 11 75.0 0.42 1.076246399397e-07 0.022962 0.060043 0.325775 2567.897175 2.183561291059e-07 0.022976 0.060087 0.326235 2565.163843 
260 8 12 75.0 0.46 7.728219912302e-08 0.023073 0.060376 0.325891 2630.306175 1.86065961462e-07 0.023086 0.060417 0.326484 2623.490057 
281 8 13 75.0 0.5 5.725136622064e-08 0.023186 0.060716 0.325836 2700.597924 1.491156111936e-07 0.02314 0.060576 0.325289 2670.541375 
302 8 14 75.0 0.54 4.330829639166e-08 0.023316 0.061105 0.32602 2776.338565 1.145470499251e-07 0.023248 0.060902 0.325066 2737.780119 
323 8 15 75.0 0.58 3.272186105575e-08 0.023432 0.061452 0.325806 2849.050192 8.459498483204e-08 0.023417 0.061408 0.325827 2833.56894 
344 8 16 75.0 0.62 2.497581214425e-08 0.023661 0.062139 0.327278 2980.447853 6.000355305525e-08 0.02359 0.061927 0.326152 2947.141953 
365 8 17 75.0 0.66 1.898623053181e-08 0.023798 0.062552 0.326891 3086.092874 4.256734762465e-08 0.023808 0.062583 0.327203 3093.981916 
386 8 18 75.0 0.7 1.440410653861e-08 0.024007 0.063179 0.327277 3212.369669 2.892602338323e-08 0.024063 0.063349 0.328468 3244.463147 
407 8 19 75.0 0.74 1.112653424871e-08 0.024288 0.064024 0.329881 3428.277702 2.037680726043e-08 0.024165 0.063654 0.328383 3323.651158 
428 8 20 75.0 0.78 -1.0 -1.0 -1.0 -1.0 -1.0 -1.0 -1.0 -1.0 -1.0 -1.0 
449 8 21 75.0 0.82 -1.0 -1.0 -1.0 -1.0 -1.0 -1.0 -1.0 -1.0 -1.0 -1.0 
470 8 22 75.0 0.86 -1.0 -1.0 -1.0 -1.0 -1.0 -1.0 -1.0 -1.0 -1.0 -1.0 
491 8 23 75.0 0.9 -1.0 -1.0 -1.0 -1.0 -1.0 -1.0 -1.0 -1.0 -1.0 -1.0 
512 8 24 75.0 0.94 -1.0 -1.0 -1.0 -1.0 -1.0 -1.0 -1.0 -1.0 -1.0 -1.0 
533 8 25 75.0 0.98 -1.0 -1.0 -1.0 -1.0 -1.0 -1.0 -1.0 -1.0 -1.0 -1.0 
554 8 26 75.0 1.02 -1.0 -1.0 -1.0 -1.0 -1.0 -1.0 -1.0 -1.0 -1.0 -1.0 
575 8 27 75.0 1.06 -1.0 -1.0 -1.0 -1.0 -1.0 -1.0 -1.0 -1.0 -1.0 -1.0 
596 8 28 75.0 1.1 -1.0 -1.0 -1.0 -1.0 -1.0 -1.0 -1.0 -1.0 -1.0 -1.0 
617 8 29 75.0 1.14 -1.0 -1.0 -1.0 -1.0 -1.0 -1.0 -1.0 -1.0 -1.0 -1.0 
638 8 30 75.0 1.18 -1.0 -1.0 -1.0 -1.0 -1.0 -1.0 -1.0 -1.0 -1.0 -1.0 
30 9 1 85.0 0.02 0.001893537626552 0.024081 0.063404 0.354982 2553.750948 0.001731120851955 0.023966 0.063057 0.352155 2508.550848 
51 9 2 85.0 0.06 0.0006340440835388 0.023733 0.062356 0.34687 2530.290686 0.0006031959055871 0.023795 0.062543 0.348286 2542.601555 
72 9 3 85.0 0.1 0.0001256734340809 0.023569 0.061864 0.342833 2573.347075 0.000113623342715 0.023555 0.061823 0.342556 2566.828822 
93 9 4 85.0 0.14 2.814096783152e-05 0.023476 0.061585 0.339804 2636.018288 2.329153979984e-05 0.02349 0.061628 0.340205 2638.732288 
114 9 5 85.0 0.18 8.259574264475e-06 0.023495 0.061643 0.338998 2714.060612 5.637670490302e-06 0.023505 0.061673 0.339136 2715.97487 
135 9 6 85.0 0.22 2.871504957007e-06 0.023576 0.061885 0.339046 2797.770242 1.649897581457e-06 0.02358 0.061898 0.339052 2797.382493 
156 9 7 85.0 0.26 1.197557988389e-06 0.023718 0.062312 0.340329 2883.992883 6.858355643185e-07 0.023731 0.062352 0.340251 2890.769122 
177 9 8 85.0 0.3 5.66145414559e-07 0.023847 0.062699 0.341333 2937.807955 4.041974869185e-07 0.023862 0.062745 0.341493 2945.389323 
198 9 9 85.0 0.34 3.040693800767e-07 0.023947 0.063 0.341484 3001.189242 3.11738651506e-07 0.023986 0.063116 0.342235 3014.378427 
219 9 10 85.0 0.38 1.889670639812e-07 0.024121 0.063523 0.342915 3097.085847 2.610772145246e-07 0.024133 0.06356 0.343207 3100.908072 
240 9 11 85.0 0.42 1.310238522008e-07 0.024332 0.064159 0.344794 3228.91181 2.157396497909e-07 0.024337 0.064174 0.344813 3217.305906 
261 9 12 85.0 0.46 9.69251320663e-08 0.024605 0.064978 0.347619 3367.995227 1.752979585908e-07 0.02461 0.064995 0.347613 3367.532575 
282 9 13 85.0 0.5 7.806952425694e-08 0.024886 0.065827 0.350852 3523.366604 1.406047676243e-07 0.025021 0.066232 0.352965 3638.166515 
303 9 14 85.0 0.54 -1.0 -1.0 -1.0 -1.0 -1.0 -1.0 -1.0 -1.0 -1.0 -1.0 
324 9 15 85.0 0.58 -1.0 -1.0 -1.0 -1.0 -1.0 -1.0 -1.0 -1.0 -1.0 -1.0 
345 9 16 85.0 0.62 -1.0 -1.0 -1.0 -1.0 -1.0 -1.0 -1.0 -1.0 -1.0 -1.0 
366 9 17 85.0 0.66 -1.0 -1.0 -1.0 -1.0 -1.0 -1.0 -1.0 -1.0 -1.0 -1.0 
387 9 18 85.0 0.7 -1.0 -1.0 -1.0 -1.0 -1.0 -1.0 -1.0 -1.0 -1.0 -1.0 
408 9 19 85.0 0.74 -1.0 -1.0 -1.0 -1.0 -1.0 -1.0 -1.0 -1.0 -1.0 -1.0 
429 9 20 85.0 0.78 -1.0 -1.0 -1.0 -1.0 -1.0 -1.0 -1.0 -1.0 -1.0 -1.0 
450 9 21 85.0 0.82 -1.0 -1.0 -1.0 -1.0 -1.0 -1.0 -1.0 -1.0 -1.0 -1.0 
471 9 22 85.0 0.86 -1.0 -1.0 -1.0 -1.0 -1.0 -1.0 -1.0 -1.0 -1.0 -1.0 
492 9 23 85.0 0.9 -1.0 -1.0 -1.0 -1.0 -1.0 -1.0 -1.0 -1.0 -1.0 -1.0 
513 9 24 85.0 0.94 -1.0 -1.0 -1.0 -1.0 -1.0 -1.0 -1.0 -1.0 -1.0 -1.0 
534 9 25 85.0 0.98 -1.0 -1.0 -1.0 -1.0 -1.0 -1.0 -1.0 -1.0 -1.0 -1.0 
555 9 26 85.0 1.02 -1.0 -1.0 -1.0 -1.0 -1.0 -1.0 -1.0 -1.0 -1.0 -1.0 
576 9 27 85.0 1.06 -1.0 -1.0 -1.0 -1.0 -1.0 -1.0 -1.0 -1.0 -1.0 -1.0 
597 9 28 85.0 1.1 -1.0 -1.0 -1.0 -1.0 -1.0 -1.0 -1.0 -1.0 -1.0 -1.0 
618 9 29 85.0 1.14 -1.0 -1.0 -1.0 -1.0 -1.0 -1.0 -1.0 -1.0 -1.0 -1.0 
639 9 30 85.0 1.18 -1.0 -1.0 -1.0 -1.0 -1.0 -1.0 -1.0 -1.0 -1.0 -1.0 
31 10 1 95.0 0.02 0.001877287324334 0.024274 0.063983 0.358096 2616.578199 0.001631991288656 0.023951 0.063012 0.350434 2499.930517 
52 10 2 95.0 0.06 0.0006691064053531 0.023926 0.062937 0.348776 2579.260018 0.0005951054587584 0.023893 0.062836 0.347985 2571.690992 
73 10 3 95.0 0.1 0.0001400379515765 0.023963 0.063049 0.347859 2683.119438 0.0001226780757057 0.023927 0.062941 0.346949 2677.399934 
94 10 4 95.0 0.14 3.110513099856e-05 0.024064 0.063351 0.347776 2828.187834 2.719287634894e-05 0.02406 0.06334 0.34777 2816.791758 
115 10 5 95.0 0.18 9.789789572638e-06 0.024233 0.063861 0.349571 2975.591908 7.346800984517e-06 0.024235 0.063866 0.349509 2980.747389 
136 10 6 95.0 0.22 3.53032333586e-06 0.024416 0.064409 0.35132 3130.751658 2.473327567892e-06 0.024447 0.064503 0.351947 3155.554356 
157 10 7 95.0 0.26 1.585445153135e-06 0.024707 0.065289 0.355326 3358.602721 1.109072732956e-06 0.024721 0.065329 0.355433 3346.06337 
178 10 8 95.0 0.3 8.456490544939e-07 0.025177 0.066704 0.363206 3596.775353 6.723491634759e-07 0.025065 0.066365 0.359613 3623.373248 
199 10 9 95.0 0.34 -1.0 -1.0 -1.0 -1.0 -1.0 -1.0 -1.0 -1.0 -1.0 -1.0 
220 10 10 95.0 0.38 -1.0 -1.0 -1.0 -1.0 -1.0 -1.0 -1.0 -1.0 -1.0 -1.0 
241 10 11 95.0 0.42 -1.0 -1.0 -1.0 -1.0 -1.0 3.206720120565e-07 0.032352 0.088521 0.493336 8173.815661 
262 10 12 95.0 0.46 -1.0 -1.0 -1.0 -1.0 -1.0 -1.0 -1.0 -1.0 -1.0 -1.0 
283 10 13 95.0 0.5 -1.0 -1.0 -1.0 -1.0 -1.0 -1.0 -1.0 -1.0 -1.0 -1.0 
304 10 14 95.0 0.54 -1.0 -1.0 -1.0 -1.0 -1.0 -1.0 -1.0 -1.0 -1.0 -1.0 
325 10 15 95.0 0.58 -1.0 -1.0 -1.0 -1.0 -1.0 -1.0 -1.0 -1.0 -1.0 -1.0 
346 10 16 95.0 0.62 -1.0 -1.0 -1.0 -1.0 -1.0 -1.0 -1.0 -1.0 -1.0 -1.0 
367 10 17 95.0 0.66 -1.0 -1.0 -1.0 -1.0 -1.0 -1.0 -1.0 -1.0 -1.0 -1.0 
388 10 18 95.0 0.7 -1.0 -1.0 -1.0 -1.0 -1.0 -1.0 -1.0 -1.0 -1.0 -1.0 
409 10 19 95.0 0.74 -1.0 -1.0 -1.0 -1.0 -1.0 -1.0 -1.0 -1.0 -1.0 -1.0 
430 10 20 95.0 0.78 -1.0 -1.0 -1.0 -1.0 -1.0 -1.0 -1.0 -1.0 -1.0 -1.0 
451 10 21 95.0 0.82 -1.0 -1.0 -1.0 -1.0 -1.0 -1.0 -1.0 -1.0 -1.0 -1.0 
472 10 22 95.0 0.86 -1.0 -1.0 -1.0 -1.0 -1.0 -1.0 -1.0 -1.0 -1.0 -1.0 
493 10 23 95.0 0.9 -1.0 -1.0 -1.0 -1.0 -1.0 -1.0 -1.0 -1.0 -1.0 -1.0 
514 10 24 95.0 0.94 -1.0 -1.0 -1.0 -1.0 -1.0 -1.0 -1.0 -1.0 -1.0 -1.0 
535 10 25 95.0 0.98 -1.0 -1.0 -1.0 -1.0 -1.0 -1.0 -1.0 -1.0 -1.0 -1.0 
556 10 26 95.0 1.02 -1.0 -1.0 -1.0 -1.0 -1.0 -1.0 -1.0 -1.0 -1.0 -1.0 
577 10 27 95.0 1.06 -1.0 -1.0 -1.0 -1.0 -1.0 -1.0 -1.0 -1.0 -1.0 -1.0 
598 10 28 95.0 1.1 -1.0 -1.0 -1.0 -1.0 -1.0 -1.0 -1.0 -1.0 -1.0 -1.0 
619 10 29 95.0 1.14 -1.0 -1.0 -1.0 -1.0 -1.0 -1.0 -1.0 -1.0 -1.0 -1.0 
640 10 30 95.0 1.18 -1.0 -1.0 -1.0 -1.0 -1.0 -1.0 -1.0 -1.0 -1.0 -1.0 
32 11 1 105.0 0.02 0.00187323467182 0.024141 0.063584 0.353838 2565.055463 0.00197646124282 0.02432 0.064123 0.35816 2612.283167 
53 11 2 105.0 0.06 0.0007139275511458 0.024184 0.063714 0.352536 2639.176428 0.0006180166022998 0.024225 0.063837 0.353077 2662.227919 
74 11 3 105.0 0.1 0.0001482043690043 0.024249 0.063908 0.350694 2759.893634 0.0001272992997686 0.024382 0.06431 0.353381 2803.364185 
95 11 4 105.0 0.14 4.010400993009e-05 0.02459 0.064935 0.355415 2958.467171 3.282571320485e-05 0.024612 0.065 0.355758 2975.713022 
116 11 5 105.0 0.18 1.267061944945e-05 0.025032 0.066268 0.362319 3313.000666 1.07404055255e-05 0.024964 0.066063 0.360913 3152.064235 
137 11 6 105.0 0.22 -1.0 -1.0 -1.0 -1.0 -1.0 -1.0 -1.0 -1.0 -1.0 -1.0 
158 11 7 105.0 0.26 -1.0 -1.0 -1.0 -1.0 -1.0 -1.0 -1.0 -1.0 -1.0 -1.0 
179 11 8 105.0 0.3 -1.0 -1.0 -1.0 -1.0 -1.0 -1.0 -1.0 -1.0 -1.0 -1.0 
200 11 9 105.0 0.34 4.852065010339e-07 0.029938 0.081148 0.445084 6342.459328 -1.0 -1.0 -1.0 -1.0 -1.0 
221 11 10 105.0 0.38 -1.0 -1.0 -1.0 -1.0 -1.0 -1.0 -1.0 -1.0 -1.0 -1.0 
242 11 11 105.0 0.42 -1.0 -1.0 -1.0 -1.0 -1.0 -1.0 -1.0 -1.0 -1.0 -1.0 
263 11 12 105.0 0.46 -1.0 -1.0 -1.0 -1.0 -1.0 4.130854455729e-06 0.029779 0.080664 0.464109 5064.802304 
284 11 13 105.0 0.5 -1.0 -1.0 -1.0 -1.0 -1.0 -1.0 -1.0 -1.0 -1.0 -1.0 
305 11 14 105.0 0.54 -1.0 -1.0 -1.0 -1.0 -1.0 -1.0 -1.0 -1.0 -1.0 -1.0 
326 11 15 105.0 0.58 -1.0 -1.0 -1.0 -1.0 -1.0 -1.0 -1.0 -1.0 -1.0 -1.0 
347 11 16 105.0 0.62 -1.0 -1.0 -1.0 -1.0 -1.0 -1.0 -1.0 -1.0 -1.0 -1.0 
368 11 17 105.0 0.66 -1.0 -1.0 -1.0 -1.0 -1.0 -1.0 -1.0 -1.0 -1.0 -1.0 
389 11 18 105.0 0.7 -1.0 -1.0 -1.0 -1.0 -1.0 -1.0 -1.0 -1.0 -1.0 -1.0 
410 11 19 105.0 0.74 -1.0 -1.0 -1.0 -1.0 -1.0 -1.0 -1.0 -1.0 -1.0 -1.0 
431 11 20 105.0 0.78 -1.0 -1.0 -1.0 -1.0 -1.0 -1.0 -1.0 -1.0 -1.0 -1.0 
452 11 21 105.0 0.82 -1.0 -1.0 -1.0 -1.0 -1.0 -1.0 -1.0 -1.0 -1.0 -1.0 
473 11 22 105.0 0.86 -1.0 -1.0 -1.0 -1.0 -1.0 -1.0 -1.0 -1.0 -1.0 -1.0 
494 11 23 105.0 0.9 -1.0 -1.0 -1.0 -1.0 -1.0 -1.0 -1.0 -1.0 -1.0 -1.0 
515 11 24 105.0 0.94 -1.0 -1.0 -1.0 -1.0 -1.0 -1.0 -1.0 -1.0 -1.0 -1.0 
536 11 25 105.0 0.98 -1.0 -1.0 -1.0 -1.0 -1.0 -1.0 -1.0 -1.0 -1.0 -1.0 
557 11 26 105.0 1.02 -1.0 -1.0 -1.0 -1.0 -1.0 -1.0 -1.0 -1.0 -1.0 -1.0 
578 11 27 105.0 1.06 -1.0 -1.0 -1.0 -1.0 -1.0 -1.0 -1.0 -1.0 -1.0 -1.0 
599 11 28 105.0 1.1 -1.0 -1.0 -1.0 -1.0 -1.0 -1.0 -1.0 -1.0 -1.0 -1.0 
620 11 29 105.0 1.14 -1.0 -1.0 -1.0 -1.0 -1.0 -1.0 -1.0 -1.0 -1.0 -1.0 
641 11 30 105.0 1.18 -1.0 -1.0 -1.0 -1.0 -1.0 -1.0 -1.0 -1.0 -1.0 -1.0 
33 12 1 115.0 0.02 0.002444152385055 0.02458 0.064903 0.36385 2682.186245 0.002011442515583 0.024726 0.065344 0.366519 2722.29929 
54 12 2 115.0 0.06 0.0007743278207497 0.024419 0.06442 0.355768 2699.017706 0.0006840572917622 0.02435 0.064212 0.354305 2679.220368 
75 12 3 115.0 0.1 0.0001833956770324 0.024579 0.064902 0.355837 2797.245298 0.0001544318661679 0.024837 0.065679 0.361242 2897.271585 
96 12 4 115.0 0.14 -1.0 -1.0 -1.0 -1.0 -1.0 -1.0 -1.0 -1.0 -1.0 -1.0 
117 12 5 115.0 0.18 -1.0 -1.0 -1.0 -1.0 -1.0 -1.0 -1.0 -1.0 -1.0 -1.0 
138 12 6 115.0 0.22 -1.0 -1.0 -1.0 -1.0 -1.0 4.981213826507e-06 0.033148 0.090956 0.52878 7353.543458 
159 12 7 115.0 0.26 -1.0 -1.0 -1.0 -1.0 -1.0 -1.0 -1.0 -1.0 -1.0 -1.0 
180 12 8 115.0 0.3 -1.0 -1.0 -1.0 -1.0 -1.0 -1.0 -1.0 -1.0 -1.0 -1.0 
201 12 9 115.0 0.34 -1.0 -1.0 -1.0 -1.0 -1.0 -1.0 -1.0 -1.0 -1.0 -1.0 
222 12 10 115.0 0.38 -1.0 -1.0 -1.0 -1.0 -1.0 -1.0 -1.0 -1.0 -1.0 -1.0 
243 12 11 115.0 0.42 -1.0 -1.0 -1.0 -1.0 -1.0 -1.0 -1.0 -1.0 -1.0 -1.0 
264 12 12 115.0 0.46 -1.0 -1.0 -1.0 -1.0 -1.0 -1.0 -1.0 -1.0 -1.0 -1.0 
285 12 13 115.0 0.5 -1.0 -1.0 -1.0 -1.0 -1.0 -1.0 -1.0 -1.0 -1.0 -1.0 
306 12 14 115.0 0.54 -1.0 -1.0 -1.0 -1.0 -1.0 -1.0 -1.0 -1.0 -1.0 -1.0 
327 12 15 115.0 0.58 -1.0 -1.0 -1.0 -1.0 -1.0 -1.0 -1.0 -1.0 -1.0 -1.0 
348 12 16 115.0 0.62 -1.0 -1.0 -1.0 -1.0 -1.0 -1.0 -1.0 -1.0 -1.0 -1.0 
369 12 17 115.0 0.66 -1.0 -1.0 -1.0 -1.0 -1.0 -1.0 -1.0 -1.0 -1.0 -1.0 
390 12 18 115.0 0.7 -1.0 -1.0 -1.0 -1.0 -1.0 -1.0 -1.0 -1.0 -1.0 -1.0 
411 12 19 115.0 0.74 -1.0 -1.0 -1.0 -1.0 -1.0 -1.0 -1.0 -1.0 -1.0 -1.0 
432 12 20 115.0 0.78 -1.0 -1.0 -1.0 -1.0 -1.0 -1.0 -1.0 -1.0 -1.0 -1.0 
453 12 21 115.0 0.82 -1.0 -1.0 -1.0 -1.0 -1.0 -1.0 -1.0 -1.0 -1.0 -1.0 
474 12 22 115.0 0.86 -1.0 -1.0 -1.0 -1.0 -1.0 -1.0 -1.0 -1.0 -1.0 -1.0 
495 12 23 115.0 0.9 -1.0 -1.0 -1.0 -1.0 -1.0 -1.0 -1.0 -1.0 -1.0 -1.0 
516 12 24 115.0 0.94 -1.0 -1.0 -1.0 -1.0 -1.0 -1.0 -1.0 -1.0 -1.0 -1.0 
537 12 25 115.0 0.98 -1.0 -1.0 -1.0 -1.0 -1.0 -1.0 -1.0 -1.0 -1.0 -1.0 
558 12 26 115.0 1.02 -1.0 -1.0 -1.0 -1.0 -1.0 -1.0 -1.0 -1.0 -1.0 -1.0 
579 12 27 115.0 1.06 -1.0 -1.0 -1.0 -1.0 -1.0 -1.0 -1.0 -1.0 -1.0 -1.0 
600 12 28 115.0 1.1 -1.0 -1.0 -1.0 -1.0 -1.0 -1.0 -1.0 -1.0 -1.0 -1.0 
621 12 29 115.0 1.14 -1.0 -1.0 -1.0 -1.0 -1.0 -1.0 -1.0 -1.0 -1.0 -1.0 
642 12 30 115.0 1.18 -1.0 -1.0 -1.0 -1.0 -1.0 -1.0 -1.0 -1.0 -1.0 -1.0 
34 13 1 125.0 0.02 0.002432222582302 0.024841 0.065692 0.368793 2757.290666 0.002824216365915 0.024322 0.064127 0.358114 2557.58822 
55 13 2 125.0 0.06 -1.0 -1.0 -1.0 -1.0 -1.0 -1.0 -1.0 -1.0 -1.0 -1.0 
76 13 3 125.0 0.1 -1.0 -1.0 -1.0 -1.0 -1.0 -1.0 -1.0 -1.0 -1.0 -1.0 
97 13 4 125.0 0.14 -1.0 -1.0 -1.0 -1.0 -1.0 -1.0 -1.0 -1.0 -1.0 -1.0 
118 13 5 125.0 0.18 -1.0 -1.0 -1.0 -1.0 -1.0 -1.0 -1.0 -1.0 -1.0 -1.0 
139 13 6 125.0 0.22 -1.0 -1.0 -1.0 -1.0 -1.0 -1.0 -1.0 -1.0 -1.0 -1.0 
160 13 7 125.0 0.26 -1.0 -1.0 -1.0 -1.0 -1.0 -1.0 -1.0 -1.0 -1.0 -1.0 
181 13 8 125.0 0.3 -1.0 -1.0 -1.0 -1.0 -1.0 -1.0 -1.0 -1.0 -1.0 -1.0 
202 13 9 125.0 0.34 -1.0 -1.0 -1.0 -1.0 -1.0 -1.0 -1.0 -1.0 -1.0 -1.0 
223 13 10 125.0 0.38 -1.0 -1.0 -1.0 -1.0 -1.0 -1.0 -1.0 -1.0 -1.0 -1.0 
244 13 11 125.0 0.42 -1.0 -1.0 -1.0 -1.0 -1.0 -1.0 -1.0 -1.0 -1.0 -1.0 
265 13 12 125.0 0.46 -1.0 -1.0 -1.0 -1.0 -1.0 -1.0 -1.0 -1.0 -1.0 -1.0 
286 13 13 125.0 0.5 -1.0 -1.0 -1.0 -1.0 -1.0 -1.0 -1.0 -1.0 -1.0 -1.0 
307 13 14 125.0 0.54 -1.0 -1.0 -1.0 -1.0 -1.0 -1.0 -1.0 -1.0 -1.0 -1.0 
328 13 15 125.0 0.58 -1.0 -1.0 -1.0 -1.0 -1.0 -1.0 -1.0 -1.0 -1.0 -1.0 
349 13 16 125.0 0.62 -1.0 -1.0 -1.0 -1.0 -1.0 -1.0 -1.0 -1.0 -1.0 -1.0 
370 13 17 125.0 0.66 -1.0 -1.0 -1.0 -1.0 -1.0 -1.0 -1.0 -1.0 -1.0 -1.0 
391 13 18 125.0 0.7 -1.0 -1.0 -1.0 -1.0 -1.0 -1.0 -1.0 -1.0 -1.0 -1.0 
412 13 19 125.0 0.74 -1.0 -1.0 -1.0 -1.0 -1.0 -1.0 -1.0 -1.0 -1.0 -1.0 
433 13 20 125.0 0.78 -1.0 -1.0 -1.0 -1.0 -1.0 -1.0 -1.0 -1.0 -1.0 -1.0 
454 13 21 125.0 0.82 -1.0 -1.0 -1.0 -1.0 -1.0 -1.0 -1.0 -1.0 -1.0 -1.0 
475 13 22 125.0 0.86 -1.0 -1.0 -1.0 -1.0 -1.0 -1.0 -1.0 -1.0 -1.0 -1.0 
496 13 23 125.0 0.9 -1.0 -1.0 -1.0 -1.0 -1.0 -1.0 -1.0 -1.0 -1.0 -1.0 
517 13 24 125.0 0.94 -1.0 -1.0 -1.0 -1.0 -1.0 -1.0 -1.0 -1.0 -1.0 -1.0 
538 13 25 125.0 0.98 -1.0 -1.0 -1.0 -1.0 -1.0 -1.0 -1.0 -1.0 -1.0 -1.0 
559 13 26 125.0 1.02 -1.0 -1.0 -1.0 -1.0 -1.0 -1.0 -1.0 -1.0 -1.0 -1.0 
580 13 27 125.0 1.06 -1.0 -1.0 -1.0 -1.0 -1.0 -1.0 -1.0 -1.0 -1.0 -1.0 
601 13 28 125.0 1.1 -1.0 -1.0 -1.0 -1.0 -1.0 -1.0 -1.0 -1.0 -1.0 -1.0 
622 13 29 125.0 1.14 -1.0 -1.0 -1.0 -1.0 -1.0 -1.0 -1.0 -1.0 -1.0 -1.0 
643 13 30 125.0 1.18 -1.0 -1.0 -1.0 -1.0 -1.0 -1.0 -1.0 -1.0 -1.0 -1.0 
35 14 1 135.0 0.02 0.003382800897118 0.023775 0.062483 0.346021 2383.458454 -1.0 -1.0 -1.0 -1.0 -1.0 
56 14 2 135.0 0.06 -1.0 -1.0 -1.0 -1.0 -1.0 -1.0 -1.0 -1.0 -1.0 -1.0 
77 14 3 135.0 0.1 -1.0 -1.0 -1.0 -1.0 -1.0 -1.0 -1.0 -1.0 -1.0 -1.0 
98 14 4 135.0 0.14 -1.0 -1.0 -1.0 -1.0 -1.0 -1.0 -1.0 -1.0 -1.0 -1.0 
119 14 5 135.0 0.18 -1.0 -1.0 -1.0 -1.0 -1.0 -1.0 -1.0 -1.0 -1.0 -1.0 
140 14 6 135.0 0.22 -1.0 -1.0 -1.0 -1.0 -1.0 -1.0 -1.0 -1.0 -1.0 -1.0 
161 14 7 135.0 0.26 -1.0 -1.0 -1.0 -1.0 -1.0 -1.0 -1.0 -1.0 -1.0 -1.0 
182 14 8 135.0 0.3 -1.0 -1.0 -1.0 -1.0 -1.0 -1.0 -1.0 -1.0 -1.0 -1.0 
203 14 9 135.0 0.34 -1.0 -1.0 -1.0 -1.0 -1.0 -1.0 -1.0 -1.0 -1.0 -1.0 
224 14 10 135.0 0.38 -1.0 -1.0 -1.0 -1.0 -1.0 -1.0 -1.0 -1.0 -1.0 -1.0 
245 14 11 135.0 0.42 -1.0 -1.0 -1.0 -1.0 -1.0 -1.0 -1.0 -1.0 -1.0 -1.0 
266 14 12 135.0 0.46 -1.0 -1.0 -1.0 -1.0 -1.0 -1.0 -1.0 -1.0 -1.0 -1.0 
287 14 13 135.0 0.5 -1.0 -1.0 -1.0 -1.0 -1.0 -1.0 -1.0 -1.0 -1.0 -1.0 
308 14 14 135.0 0.54 -1.0 -1.0 -1.0 -1.0 -1.0 -1.0 -1.0 -1.0 -1.0 -1.0 
329 14 15 135.0 0.58 -1.0 -1.0 -1.0 -1.0 -1.0 -1.0 -1.0 -1.0 -1.0 -1.0 
350 14 16 135.0 0.62 -1.0 -1.0 -1.0 -1.0 -1.0 -1.0 -1.0 -1.0 -1.0 -1.0 
371 14 17 135.0 0.66 -1.0 -1.0 -1.0 -1.0 -1.0 -1.0 -1.0 -1.0 -1.0 -1.0 
392 14 18 135.0 0.7 -1.0 -1.0 -1.0 -1.0 -1.0 -1.0 -1.0 -1.0 -1.0 -1.0 
413 14 19 135.0 0.74 -1.0 -1.0 -1.0 -1.0 -1.0 -1.0 -1.0 -1.0 -1.0 -1.0 
434 14 20 135.0 0.78 -1.0 -1.0 -1.0 -1.0 -1.0 -1.0 -1.0 -1.0 -1.0 -1.0 
455 14 21 135.0 0.82 -1.0 -1.0 -1.0 -1.0 -1.0 -1.0 -1.0 -1.0 -1.0 -1.0 
476 14 22 135.0 0.86 -1.0 -1.0 -1.0 -1.0 -1.0 -1.0 -1.0 -1.0 -1.0 -1.0 
497 14 23 135.0 0.9 -1.0 -1.0 -1.0 -1.0 -1.0 -1.0 -1.0 -1.0 -1.0 -1.0 
518 14 24 135.0 0.94 -1.0 -1.0 -1.0 -1.0 -1.0 -1.0 -1.0 -1.0 -1.0 -1.0 
539 14 25 135.0 0.98 -1.0 -1.0 -1.0 -1.0 -1.0 -1.0 -1.0 -1.0 -1.0 -1.0 
560 14 26 135.0 1.02 -1.0 -1.0 -1.0 -1.0 -1.0 -1.0 -1.0 -1.0 -1.0 -1.0 
581 14 27 135.0 1.06 -1.0 -1.0 -1.0 -1.0 -1.0 -1.0 -1.0 -1.0 -1.0 -1.0 
602 14 28 135.0 1.1 -1.0 -1.0 -1.0 -1.0 -1.0 -1.0 -1.0 -1.0 -1.0 -1.0 
623 14 29 135.0 1.14 -1.0 -1.0 -1.0 -1.0 -1.0 -1.0 -1.0 -1.0 -1.0 -1.0 
644 14 30 135.0 1.18 -1.0 -1.0 -1.0 -1.0 -1.0 -1.0 -1.0 -1.0 -1.0 -1.0 
36 15 1 145.0 0.02 0.003385711871413 0.024981 0.066114 0.373243 2744.994659 -1.0 -1.0 -1.0 -1.0 -1.0 
57 15 2 145.0 0.06 -1.0 -1.0 -1.0 -1.0 -1.0 -1.0 -1.0 -1.0 -1.0 -1.0 
78 15 3 145.0 0.1 -1.0 -1.0 -1.0 -1.0 -1.0 -1.0 -1.0 -1.0 -1.0 -1.0 
99 15 4 145.0 0.14 -1.0 -1.0 -1.0 -1.0 -1.0 -1.0 -1.0 -1.0 -1.0 -1.0 
120 15 5 145.0 0.18 -1.0 -1.0 -1.0 -1.0 -1.0 -1.0 -1.0 -1.0 -1.0 -1.0 
141 15 6 145.0 0.22 -1.0 -1.0 -1.0 -1.0 -1.0 -1.0 -1.0 -1.0 -1.0 -1.0 
162 15 7 145.0 0.26 -1.0 -1.0 -1.0 -1.0 -1.0 -1.0 -1.0 -1.0 -1.0 -1.0 
183 15 8 145.0 0.3 -1.0 -1.0 -1.0 -1.0 -1.0 -1.0 -1.0 -1.0 -1.0 -1.0 
204 15 9 145.0 0.34 -1.0 -1.0 -1.0 -1.0 -1.0 -1.0 -1.0 -1.0 -1.0 -1.0 
225 15 10 145.0 0.38 -1.0 -1.0 -1.0 -1.0 -1.0 -1.0 -1.0 -1.0 -1.0 -1.0 
246 15 11 145.0 0.42 -1.0 -1.0 -1.0 -1.0 -1.0 -1.0 -1.0 -1.0 -1.0 -1.0 
267 15 12 145.0 0.46 -1.0 -1.0 -1.0 -1.0 -1.0 -1.0 -1.0 -1.0 -1.0 -1.0 
288 15 13 145.0 0.5 -1.0 -1.0 -1.0 -1.0 -1.0 -1.0 -1.0 -1.0 -1.0 -1.0 
309 15 14 145.0 0.54 -1.0 -1.0 -1.0 -1.0 -1.0 -1.0 -1.0 -1.0 -1.0 -1.0 
330 15 15 145.0 0.58 -1.0 -1.0 -1.0 -1.0 -1.0 -1.0 -1.0 -1.0 -1.0 -1.0 
351 15 16 145.0 0.62 -1.0 -1.0 -1.0 -1.0 -1.0 -1.0 -1.0 -1.0 -1.0 -1.0 
372 15 17 145.0 0.66 -1.0 -1.0 -1.0 -1.0 -1.0 -1.0 -1.0 -1.0 -1.0 -1.0 
393 15 18 145.0 0.7 -1.0 -1.0 -1.0 -1.0 -1.0 -1.0 -1.0 -1.0 -1.0 -1.0 
414 15 19 145.0 0.74 -1.0 -1.0 -1.0 -1.0 -1.0 -1.0 -1.0 -1.0 -1.0 -1.0 
435 15 20 145.0 0.78 -1.0 -1.0 -1.0 -1.0 -1.0 -1.0 -1.0 -1.0 -1.0 -1.0 
456 15 21 145.0 0.82 -1.0 -1.0 -1.0 -1.0 -1.0 -1.0 -1.0 -1.0 -1.0 -1.0 
477 15 22 145.0 0.86 -1.0 -1.0 -1.0 -1.0 -1.0 -1.0 -1.0 -1.0 -1.0 -1.0 
498 15 23 145.0 0.9 -1.0 -1.0 -1.0 -1.0 -1.0 -1.0 -1.0 -1.0 -1.0 -1.0 
519 15 24 145.0 0.94 -1.0 -1.0 -1.0 -1.0 -1.0 -1.0 -1.0 -1.0 -1.0 -1.0 
540 15 25 145.0 0.98 -1.0 -1.0 -1.0 -1.0 -1.0 -1.0 -1.0 -1.0 -1.0 -1.0 
561 15 26 145.0 1.02 -1.0 -1.0 -1.0 -1.0 -1.0 -1.0 -1.0 -1.0 -1.0 -1.0 
582 15 27 145.0 1.06 -1.0 -1.0 -1.0 -1.0 -1.0 -1.0 -1.0 -1.0 -1.0 -1.0 
603 15 28 145.0 1.1 -1.0 -1.0 -1.0 -1.0 -1.0 -1.0 -1.0 -1.0 -1.0 -1.0 
624 15 29 145.0 1.14 -1.0 -1.0 -1.0 -1.0 -1.0 -1.0 -1.0 -1.0 -1.0 -1.0 
645 15 30 145.0 1.18 -1.0 -1.0 -1.0 -1.0 -1.0 -1.0 -1.0 -1.0 -1.0 -1.0 
37 16 1 155.0 0.02 -1.0 -1.0 -1.0 -1.0 -1.0 -1.0 -1.0 -1.0 -1.0 -1.0 
58 16 2 155.0 0.06 -1.0 -1.0 -1.0 -1.0 -1.0 -1.0 -1.0 -1.0 -1.0 -1.0 
79 16 3 155.0 0.1 -1.0 -1.0 -1.0 -1.0 -1.0 -1.0 -1.0 -1.0 -1.0 -1.0 
100 16 4 155.0 0.14 -1.0 -1.0 -1.0 -1.0 -1.0 -1.0 -1.0 -1.0 -1.0 -1.0 
121 16 5 155.0 0.18 -1.0 -1.0 -1.0 -1.0 -1.0 -1.0 -1.0 -1.0 -1.0 -1.0 
142 16 6 155.0 0.22 -1.0 -1.0 -1.0 -1.0 -1.0 -1.0 -1.0 -1.0 -1.0 -1.0 
163 16 7 155.0 0.26 -1.0 -1.0 -1.0 -1.0 -1.0 -1.0 -1.0 -1.0 -1.0 -1.0 
184 16 8 155.0 0.3 -1.0 -1.0 -1.0 -1.0 -1.0 -1.0 -1.0 -1.0 -1.0 -1.0 
205 16 9 155.0 0.34 -1.0 -1.0 -1.0 -1.0 -1.0 -1.0 -1.0 -1.0 -1.0 -1.0 
226 16 10 155.0 0.38 -1.0 -1.0 -1.0 -1.0 -1.0 -1.0 -1.0 -1.0 -1.0 -1.0 
247 16 11 155.0 0.42 -1.0 -1.0 -1.0 -1.0 -1.0 -1.0 -1.0 -1.0 -1.0 -1.0 
268 16 12 155.0 0.46 -1.0 -1.0 -1.0 -1.0 -1.0 -1.0 -1.0 -1.0 -1.0 -1.0 
289 16 13 155.0 0.5 -1.0 -1.0 -1.0 -1.0 -1.0 -1.0 -1.0 -1.0 -1.0 -1.0 
310 16 14 155.0 0.54 -1.0 -1.0 -1.0 -1.0 -1.0 -1.0 -1.0 -1.0 -1.0 -1.0 
331 16 15 155.0 0.58 -1.0 -1.0 -1.0 -1.0 -1.0 -1.0 -1.0 -1.0 -1.0 -1.0 
352 16 16 155.0 0.62 -1.0 -1.0 -1.0 -1.0 -1.0 -1.0 -1.0 -1.0 -1.0 -1.0 
373 16 17 155.0 0.66 -1.0 -1.0 -1.0 -1.0 -1.0 -1.0 -1.0 -1.0 -1.0 -1.0 
394 16 18 155.0 0.7 -1.0 -1.0 -1.0 -1.0 -1.0 -1.0 -1.0 -1.0 -1.0 -1.0 
415 16 19 155.0 0.74 -1.0 -1.0 -1.0 -1.0 -1.0 -1.0 -1.0 -1.0 -1.0 -1.0 
436 16 20 155.0 0.78 -1.0 -1.0 -1.0 -1.0 -1.0 -1.0 -1.0 -1.0 -1.0 -1.0 
457 16 21 155.0 0.82 -1.0 -1.0 -1.0 -1.0 -1.0 -1.0 -1.0 -1.0 -1.0 -1.0 
478 16 22 155.0 0.86 -1.0 -1.0 -1.0 -1.0 -1.0 -1.0 -1.0 -1.0 -1.0 -1.0 
499 16 23 155.0 0.9 -1.0 -1.0 -1.0 -1.0 -1.0 -1.0 -1.0 -1.0 -1.0 -1.0 
520 16 24 155.0 0.94 -1.0 -1.0 -1.0 -1.0 -1.0 -1.0 -1.0 -1.0 -1.0 -1.0 
541 16 25 155.0 0.98 -1.0 -1.0 -1.0 -1.0 -1.0 -1.0 -1.0 -1.0 -1.0 -1.0 
562 16 26 155.0 1.02 -1.0 -1.0 -1.0 -1.0 -1.0 -1.0 -1.0 -1.0 -1.0 -1.0 
583 16 27 155.0 1.06 -1.0 -1.0 -1.0 -1.0 -1.0 -1.0 -1.0 -1.0 -1.0 -1.0 
604 16 28 155.0 1.1 -1.0 -1.0 -1.0 -1.0 -1.0 -1.0 -1.0 -1.0 -1.0 -1.0 
625 16 29 155.0 1.14 -1.0 -1.0 -1.0 -1.0 -1.0 -1.0 -1.0 -1.0 -1.0 -1.0 
646 16 30 155.0 1.18 -1.0 -1.0 -1.0 -1.0 -1.0 -1.0 -1.0 -1.0 -1.0 -1.0 
38 17 1 165.0 0.02 -1.0 -1.0 -1.0 -1.0 -1.0 -1.0 -1.0 -1.0 -1.0 -1.0 
59 17 2 165.0 0.06 -1.0 -1.0 -1.0 -1.0 -1.0 -1.0 -1.0 -1.0 -1.0 -1.0 
80 17 3 165.0 0.1 -1.0 -1.0 -1.0 -1.0 -1.0 -1.0 -1.0 -1.0 -1.0 -1.0 
101 17 4 165.0 0.14 -1.0 -1.0 -1.0 -1.0 -1.0 -1.0 -1.0 -1.0 -1.0 -1.0 
122 17 5 165.0 0.18 -1.0 -1.0 -1.0 -1.0 -1.0 -1.0 -1.0 -1.0 -1.0 -1.0 
143 17 6 165.0 0.22 -1.0 -1.0 -1.0 -1.0 -1.0 -1.0 -1.0 -1.0 -1.0 -1.0 
164 17 7 165.0 0.26 -1.0 -1.0 -1.0 -1.0 -1.0 -1.0 -1.0 -1.0 -1.0 -1.0 
185 17 8 165.0 0.3 -1.0 -1.0 -1.0 -1.0 -1.0 -1.0 -1.0 -1.0 -1.0 -1.0 
206 17 9 165.0 0.34 -1.0 -1.0 -1.0 -1.0 -1.0 -1.0 -1.0 -1.0 -1.0 -1.0 
227 17 10 165.0 0.38 -1.0 -1.0 -1.0 -1.0 -1.0 -1.0 -1.0 -1.0 -1.0 -1.0 
248 17 11 165.0 0.42 -1.0 -1.0 -1.0 -1.0 -1.0 -1.0 -1.0 -1.0 -1.0 -1.0 
269 17 12 165.0 0.46 -1.0 -1.0 -1.0 -1.0 -1.0 -1.0 -1.0 -1.0 -1.0 -1.0 
290 17 13 165.0 0.5 -1.0 -1.0 -1.0 -1.0 -1.0 -1.0 -1.0 -1.0 -1.0 -1.0 
311 17 14 165.0 0.54 -1.0 -1.0 -1.0 -1.0 -1.0 -1.0 -1.0 -1.0 -1.0 -1.0 
332 17 15 165.0 0.58 -1.0 -1.0 -1.0 -1.0 -1.0 -1.0 -1.0 -1.0 -1.0 -1.0 
353 17 16 165.0 0.62 -1.0 -1.0 -1.0 -1.0 -1.0 -1.0 -1.0 -1.0 -1.0 -1.0 
374 17 17 165.0 0.66 -1.0 -1.0 -1.0 -1.0 -1.0 -1.0 -1.0 -1.0 -1.0 -1.0 
395 17 18 165.0 0.7 -1.0 -1.0 -1.0 -1.0 -1.0 -1.0 -1.0 -1.0 -1.0 -1.0 
416 17 19 165.0 0.74 -1.0 -1.0 -1.0 -1.0 -1.0 -1.0 -1.0 -1.0 -1.0 -1.0 
437 17 20 165.0 0.78 -1.0 -1.0 -1.0 -1.0 -1.0 -1.0 -1.0 -1.0 -1.0 -1.0 
458 17 21 165.0 0.82 -1.0 -1.0 -1.0 -1.0 -1.0 -1.0 -1.0 -1.0 -1.0 -1.0 
479 17 22 165.0 0.86 -1.0 -1.0 -1.0 -1.0 -1.0 -1.0 -1.0 -1.0 -1.0 -1.0 
500 17 23 165.0 0.9 -1.0 -1.0 -1.0 -1.0 -1.0 -1.0 -1.0 -1.0 -1.0 -1.0 
521 17 24 165.0 0.94 -1.0 -1.0 -1.0 -1.0 -1.0 -1.0 -1.0 -1.0 -1.0 -1.0 
542 17 25 165.0 0.98 -1.0 -1.0 -1.0 -1.0 -1.0 -1.0 -1.0 -1.0 -1.0 -1.0 
563 17 26 165.0 1.02 -1.0 -1.0 -1.0 -1.0 -1.0 -1.0 -1.0 -1.0 -1.0 -1.0 
584 17 27 165.0 1.06 -1.0 -1.0 -1.0 -1.0 -1.0 -1.0 -1.0 -1.0 -1.0 -1.0 
605 17 28 165.0 1.1 -1.0 -1.0 -1.0 -1.0 -1.0 -1.0 -1.0 -1.0 -1.0 -1.0 
626 17 29 165.0 1.14 -1.0 -1.0 -1.0 -1.0 -1.0 -1.0 -1.0 -1.0 -1.0 -1.0 
647 17 30 165.0 1.18 -1.0 -1.0 -1.0 -1.0 -1.0 -1.0 -1.0 -1.0 -1.0 -1.0 
39 18 1 175.0 0.02 0.003710525637696 0.024333 0.06416 0.358496 2544.160583 -1.0 -1.0 -1.0 -1.0 -1.0 
60 18 2 175.0 0.06 -1.0 -1.0 -1.0 -1.0 -1.0 -1.0 -1.0 -1.0 -1.0 -1.0 
81 18 3 175.0 0.1 -1.0 -1.0 -1.0 -1.0 -1.0 -1.0 -1.0 -1.0 -1.0 -1.0 
102 18 4 175.0 0.14 -1.0 -1.0 -1.0 -1.0 -1.0 -1.0 -1.0 -1.0 -1.0 -1.0 
123 18 5 175.0 0.18 -1.0 -1.0 -1.0 -1.0 -1.0 -1.0 -1.0 -1.0 -1.0 -1.0 
144 18 6 175.0 0.22 -1.0 -1.0 -1.0 -1.0 -1.0 -1.0 -1.0 -1.0 -1.0 -1.0 
165 18 7 175.0 0.26 -1.0 -1.0 -1.0 -1.0 -1.0 -1.0 -1.0 -1.0 -1.0 -1.0 
186 18 8 175.0 0.3 -1.0 -1.0 -1.0 -1.0 -1.0 -1.0 -1.0 -1.0 -1.0 -1.0 
207 18 9 175.0 0.34 -1.0 -1.0 -1.0 -1.0 -1.0 -1.0 -1.0 -1.0 -1.0 -1.0 
228 18 10 175.0 0.38 -1.0 -1.0 -1.0 -1.0 -1.0 -1.0 -1.0 -1.0 -1.0 -1.0 
249 18 11 175.0 0.42 -1.0 -1.0 -1.0 -1.0 -1.0 -1.0 -1.0 -1.0 -1.0 -1.0 
270 18 12 175.0 0.46 -1.0 -1.0 -1.0 -1.0 -1.0 -1.0 -1.0 -1.0 -1.0 -1.0 
291 18 13 175.0 0.5 -1.0 -1.0 -1.0 -1.0 -1.0 -1.0 -1.0 -1.0 -1.0 -1.0 
312 18 14 175.0 0.54 -1.0 -1.0 -1.0 -1.0 -1.0 -1.0 -1.0 -1.0 -1.0 -1.0 
333 18 15 175.0 0.58 -1.0 -1.0 -1.0 -1.0 -1.0 -1.0 -1.0 -1.0 -1.0 -1.0 
354 18 16 175.0 0.62 -1.0 -1.0 -1.0 -1.0 -1.0 -1.0 -1.0 -1.0 -1.0 -1.0 
375 18 17 175.0 0.66 -1.0 -1.0 -1.0 -1.0 -1.0 -1.0 -1.0 -1.0 -1.0 -1.0 
396 18 18 175.0 0.7 -1.0 -1.0 -1.0 -1.0 -1.0 -1.0 -1.0 -1.0 -1.0 -1.0 
417 18 19 175.0 0.74 -1.0 -1.0 -1.0 -1.0 -1.0 -1.0 -1.0 -1.0 -1.0 -1.0 
438 18 20 175.0 0.78 -1.0 -1.0 -1.0 -1.0 -1.0 -1.0 -1.0 -1.0 -1.0 -1.0 
459 18 21 175.0 0.82 -1.0 -1.0 -1.0 -1.0 -1.0 -1.0 -1.0 -1.0 -1.0 -1.0 
480 18 22 175.0 0.86 -1.0 -1.0 -1.0 -1.0 -1.0 -1.0 -1.0 -1.0 -1.0 -1.0 
501 18 23 175.0 0.9 -1.0 -1.0 -1.0 -1.0 -1.0 -1.0 -1.0 -1.0 -1.0 -1.0 
522 18 24 175.0 0.94 -1.0 -1.0 -1.0 -1.0 -1.0 -1.0 -1.0 -1.0 -1.0 -1.0 
543 18 25 175.0 0.98 -1.0 -1.0 -1.0 -1.0 -1.0 -1.0 -1.0 -1.0 -1.0 -1.0 
564 18 26 175.0 1.02 -1.0 -1.0 -1.0 -1.0 -1.0 -1.0 -1.0 -1.0 -1.0 -1.0 
585 18 27 175.0 1.06 -1.0 -1.0 -1.0 -1.0 -1.0 -1.0 -1.0 -1.0 -1.0 -1.0 
606 18 28 175.0 1.1 -1.0 -1.0 -1.0 -1.0 -1.0 -1.0 -1.0 -1.0 -1.0 -1.0 
627 18 29 175.0 1.14 -1.0 -1.0 -1.0 -1.0 -1.0 -1.0 -1.0 -1.0 -1.0 -1.0 
648 18 30 175.0 1.18 -1.0 -1.0 -1.0 -1.0 -1.0 -1.0 -1.0 -1.0 -1.0 -1.0 
40 19 1 185.0 0.02 -1.0 -1.0 -1.0 -1.0 -1.0 -1.0 -1.0 -1.0 -1.0 -1.0 
61 19 2 185.0 0.06 -1.0 -1.0 -1.0 -1.0 -1.0 -1.0 -1.0 -1.0 -1.0 -1.0 
82 19 3 185.0 0.1 -1.0 -1.0 -1.0 -1.0 -1.0 -1.0 -1.0 -1.0 -1.0 -1.0 
103 19 4 185.0 0.14 -1.0 -1.0 -1.0 -1.0 -1.0 -1.0 -1.0 -1.0 -1.0 -1.0 
124 19 5 185.0 0.18 -1.0 -1.0 -1.0 -1.0 -1.0 -1.0 -1.0 -1.0 -1.0 -1.0 
145 19 6 185.0 0.22 -1.0 -1.0 -1.0 -1.0 -1.0 -1.0 -1.0 -1.0 -1.0 -1.0 
166 19 7 185.0 0.26 -1.0 -1.0 -1.0 -1.0 -1.0 -1.0 -1.0 -1.0 -1.0 -1.0 
187 19 8 185.0 0.3 -1.0 -1.0 -1.0 -1.0 -1.0 -1.0 -1.0 -1.0 -1.0 -1.0 
208 19 9 185.0 0.34 -1.0 -1.0 -1.0 -1.0 -1.0 -1.0 -1.0 -1.0 -1.0 -1.0 
229 19 10 185.0 0.38 -1.0 -1.0 -1.0 -1.0 -1.0 -1.0 -1.0 -1.0 -1.0 -1.0 
250 19 11 185.0 0.42 -1.0 -1.0 -1.0 -1.0 -1.0 -1.0 -1.0 -1.0 -1.0 -1.0 
271 19 12 185.0 0.46 -1.0 -1.0 -1.0 -1.0 -1.0 -1.0 -1.0 -1.0 -1.0 -1.0 
292 19 13 185.0 0.5 -1.0 -1.0 -1.0 -1.0 -1.0 -1.0 -1.0 -1.0 -1.0 -1.0 
313 19 14 185.0 0.54 -1.0 -1.0 -1.0 -1.0 -1.0 -1.0 -1.0 -1.0 -1.0 -1.0 
334 19 15 185.0 0.58 -1.0 -1.0 -1.0 -1.0 -1.0 -1.0 -1.0 -1.0 -1.0 -1.0 
355 19 16 185.0 0.62 -1.0 -1.0 -1.0 -1.0 -1.0 -1.0 -1.0 -1.0 -1.0 -1.0 
376 19 17 185.0 0.66 -1.0 -1.0 -1.0 -1.0 -1.0 -1.0 -1.0 -1.0 -1.0 -1.0 
397 19 18 185.0 0.7 -1.0 -1.0 -1.0 -1.0 -1.0 -1.0 -1.0 -1.0 -1.0 -1.0 
418 19 19 185.0 0.74 -1.0 -1.0 -1.0 -1.0 -1.0 -1.0 -1.0 -1.0 -1.0 -1.0 
439 19 20 185.0 0.78 -1.0 -1.0 -1.0 -1.0 -1.0 -1.0 -1.0 -1.0 -1.0 -1.0 
460 19 21 185.0 0.82 -1.0 -1.0 -1.0 -1.0 -1.0 -1.0 -1.0 -1.0 -1.0 -1.0 
481 19 22 185.0 0.86 -1.0 -1.0 -1.0 -1.0 -1.0 -1.0 -1.0 -1.0 -1.0 -1.0 
502 19 23 185.0 0.9 -1.0 -1.0 -1.0 -1.0 -1.0 -1.0 -1.0 -1.0 -1.0 -1.0 
523 19 24 185.0 0.94 -1.0 -1.0 -1.0 -1.0 -1.0 -1.0 -1.0 -1.0 -1.0 -1.0 
544 19 25 185.0 0.98 -1.0 -1.0 -1.0 -1.0 -1.0 -1.0 -1.0 -1.0 -1.0 -1.0 
565 19 26 185.0 1.02 -1.0 -1.0 -1.0 -1.0 -1.0 -1.0 -1.0 -1.0 -1.0 -1.0 
586 19 27 185.0 1.06 -1.0 -1.0 -1.0 -1.0 -1.0 -1.0 -1.0 -1.0 -1.0 -1.0 
607 19 28 185.0 1.1 -1.0 -1.0 -1.0 -1.0 -1.0 -1.0 -1.0 -1.0 -1.0 -1.0 
628 19 29 185.0 1.14 -1.0 -1.0 -1.0 -1.0 -1.0 -1.0 -1.0 -1.0 -1.0 -1.0 
649 19 30 185.0 1.18 -1.0 -1.0 -1.0 -1.0 -1.0 -1.0 -1.0 -1.0 -1.0 -1.0 
