('pm='
0.0264382
0.0564278
0.0929283, 0.1458047, 0.179543 , 0.2176219,
       0.2560954, 0.3000933, 0.3423155, 0.3809863, 0.4190652, 0.4579333,
       0.4968014, 0.5362614]))
('sigRed_HallA(fm^3)=', array([6.005e+00, 1.641e+00, 3.140e-01, 4.842e-02, 1.683e-02, 5.618e-03,
       2.414e-03, 8.364e-04, 4.455e-04, 3.285e-04, 1.815e-04, 1.369e-04,
       1.136e-04, 7.666e-05]))
('sigRed_CD_PWIA(fm^3)=', array([6.20922950e+00, 2.15691368e+00, 4.70481691e-01, 6.37904873e-02,
       2.17332525e-02, 8.04947940e-03, 3.35740152e-03, 1.36962941e-03,
       6.64115038e-04, 3.68465770e-04, 2.32286296e-04, 1.43735664e-04,
       9.29453974e-05, 6.23709698e-05]))
('R=', array([0.96710872, 0.76080931, 0.6674011 , 0.75904734, 0.77438938,
       0.69793333, 0.71900843, 0.61067614, 0.67081752, 0.89153465,
       0.78136336, 0.95244281, 1.22222297, 1.22909745]))

