                                                                                                                                                                                                   
#\ xb = th_nq                                                                                                    
#\ yb = pm                                                                        
# current header line:  
#! i_b[i,0]/ i_x[i,1]/ i_y[i,2]/ xb[f,3]/ yb[f,4]/ red_dataXsec[f,5]/   red_dataXsec_err[f,6]/   red_pwiaXsec[f,7]/   red_fsiXsec[f,8]/
233 2 11 15.000000  0.420000 0.000000000000e+00 0.000000000000e+00 5.927090419056e-11 4.276288060556e-11
254 2 12 15.000000  0.460000 0.000000000000e+00 0.000000000000e+00 4.703461967502e-11 3.262303286986e-11
275 2 13 15.000000  0.500000 0.000000000000e+00 0.000000000000e+00 3.687932679472e-11 2.470834166582e-11
296 2 14 15.000000  0.540000 3.040716932821e-11 1.537991576620e-11 2.899064115257e-11 1.900821749337e-11
317 2 15 15.000000  0.580000 0.000000000000e+00 0.000000000000e+00 2.270907566962e-11 1.470257439052e-11
338 2 16 15.000000  0.620000 0.000000000000e+00 0.000000000000e+00 1.753117935954e-11 1.129016044846e-11
359 2 17 15.000000  0.660000 0.000000000000e+00 0.000000000000e+00 1.358601141236e-11 8.727456203063e-12
380 2 18 15.000000  0.700000 0.000000000000e+00 0.000000000000e+00 1.035120257750e-11 6.653596104628e-12
401 2 19 15.000000  0.740000 0.000000000000e+00 0.000000000000e+00 7.806581097130e-12 5.017604481392e-12
422 2 20 15.000000  0.780000 0.000000000000e+00 0.000000000000e+00 6.312105335349e-12 4.003923671928e-12
234 3 11 25.000000  0.420000 0.000000000000e+00 0.000000000000e+00 5.770248801510e-11 4.641642258142e-11
255 3 12 25.000000  0.460000 0.000000000000e+00 0.000000000000e+00 4.449941625010e-11 3.439303986052e-11
276 3 13 25.000000  0.500000 8.254813504306e-12 2.283963105249e-12 3.426134990916e-11 2.553080193996e-11
297 3 14 25.000000  0.540000 5.743727773526e-12 1.687804773417e-12 2.650231596717e-11 1.909590479225e-11
318 3 15 25.000000  0.580000 4.655073065975e-12 1.366680901091e-12 2.035741485808e-11 1.432617433180e-11
339 3 16 25.000000  0.620000 5.321342226673e-12 1.428840429739e-12 1.562335014064e-11 1.077431896985e-11
360 3 17 25.000000  0.660000 2.630729367158e-12 9.640609189527e-13 1.185056639290e-11 8.000396894777e-12
381 3 18 25.000000  0.700000 1.681034014352e-12 8.409805127588e-13 8.846096860616e-12 5.891782125157e-12
402 3 19 25.000000  0.740000 0.000000000000e+00 0.000000000000e+00 6.497586818267e-12 4.267192547401e-12
423 3 20 25.000000  0.780000 0.000000000000e+00 0.000000000000e+00 4.614381847631e-12 3.012360250523e-12
444 3 21 25.000000  0.820000 0.000000000000e+00 0.000000000000e+00 3.209962195926e-12 2.117307956107e-12
465 3 22 25.000000  0.860000 0.000000000000e+00 0.000000000000e+00 2.146980036146e-12 1.446492736082e-12
486 3 23 25.000000  0.900000 0.000000000000e+00 0.000000000000e+00 1.420539131799e-12 9.983669560494e-13
507 3 24 25.000000  0.940000 0.000000000000e+00 0.000000000000e+00 9.525678940230e-13 7.032785568696e-13
528 3 25 25.000000  0.980000 0.000000000000e+00 0.000000000000e+00 5.910920235820e-13 4.780773653233e-13
235 4 11 35.000000  0.420000 0.000000000000e+00 0.000000000000e+00 5.334164334566e-11 4.880283889562e-11
256 4 12 35.000000  0.460000 1.721189365293e-11 5.530800582021e-12 4.042638288580e-11 3.661758352224e-11
277 4 13 35.000000  0.500000 1.214799088297e-11 2.416951094598e-12 3.081589344485e-11 2.738643149251e-11
298 4 14 35.000000  0.540000 8.956270958851e-12 1.461106532440e-12 2.345804834522e-11 2.047961132712e-11
319 4 15 35.000000  0.580000 4.692255805947e-12 8.222746322022e-13 1.782639191416e-11 1.539860945556e-11
340 4 16 35.000000  0.620000 5.669107995664e-12 8.658531479107e-13 1.336043140265e-11 1.142830317404e-11
361 4 17 35.000000  0.660000 3.755111087781e-12 7.186043601399e-13 9.951020729640e-12 8.474244042367e-12
382 4 18 35.000000  0.700000 3.478820490965e-12 7.112539454199e-13 7.314714061057e-12 6.215384936902e-12
403 4 19 35.000000  0.740000 2.453402025770e-12 6.052137198298e-13 5.281689235077e-12 4.497501339908e-12
424 4 20 35.000000  0.780000 0.000000000000e+00 0.000000000000e+00 3.721447290364e-12 3.212325795734e-12
445 4 21 35.000000  0.820000 9.817361514008e-13 4.910786075145e-13 2.536792762542e-12 2.241252302310e-12
466 4 22 35.000000  0.860000 2.673862246502e-12 9.465253620153e-13 1.698310824953e-12 1.548713525971e-12
487 4 23 35.000000  0.900000 0.000000000000e+00 0.000000000000e+00 1.105881039417e-12 1.055060150713e-12
508 4 24 35.000000  0.940000 0.000000000000e+00 0.000000000000e+00 6.990014333433e-13 7.076639800411e-13
529 4 25 35.000000  0.980000 0.000000000000e+00 0.000000000000e+00 4.281508283106e-13 4.671374208242e-13
550 4 26 35.000000  1.020000 0.000000000000e+00 0.000000000000e+00 2.441477361842e-13 2.943073687226e-13
571 4 27 35.000000  1.060000 0.000000000000e+00 0.000000000000e+00 1.342596718375e-13 1.851161365643e-13
592 4 28 35.000000  1.100000 0.000000000000e+00 0.000000000000e+00 6.791494014908e-14 1.135961557843e-13
613 4 29 35.000000  1.140000 0.000000000000e+00 0.000000000000e+00 3.315871508871e-14 6.984219864667e-14
634 4 30 35.000000  1.180000 0.000000000000e+00 0.000000000000e+00 1.552739469917e-14 4.564789266145e-14
257 5 12 45.000000  0.460000 0.000000000000e+00 0.000000000000e+00 3.644011155155e-11 3.934151078505e-11
278 5 13 45.000000  0.500000 1.993013811651e-11 5.241214504314e-12 2.752805402563e-11 3.014464488293e-11
299 5 14 45.000000  0.540000 1.362509930627e-11 2.429496848546e-12 2.070816821337e-11 2.312245603882e-11
320 5 15 45.000000  0.580000 8.844622718882e-12 1.354756201957e-12 1.549805328174e-11 1.762926996916e-11
341 5 16 45.000000  0.620000 7.932167549821e-12 1.055231909396e-12 1.148432548168e-11 1.338702203692e-11
362 5 17 45.000000  0.660000 4.822922206928e-12 7.468022986079e-13 8.443441990510e-12 1.008113965127e-11
383 5 18 45.000000  0.700000 7.399882259181e-12 8.767266515288e-13 6.133719196312e-12 7.523880086140e-12
404 5 19 45.000000  0.740000 4.153414415115e-12 6.474559565890e-13 4.366848309801e-12 5.558373400309e-12
425 5 20 45.000000  0.780000 4.022561301178e-12 6.517884354007e-13 3.053043436368e-12 4.049634000105e-12
446 5 21 45.000000  0.820000 2.587297815143e-12 5.532030708523e-13 2.081898072259e-12 2.907761973002e-12
467 5 22 45.000000  0.860000 3.244381382196e-12 6.736231106027e-13 1.391146452500e-12 2.063938654767e-12
488 5 23 45.000000  0.900000 2.003167870611e-12 5.791127032652e-13 9.014803100571e-13 1.455287827280e-12
509 5 24 45.000000  0.940000 0.000000000000e+00 0.000000000000e+00 5.650210526300e-13 1.012526410458e-12
530 5 25 45.000000  0.980000 1.049872911667e-12 5.253859050833e-13 3.384944118839e-13 6.999192583980e-13
551 5 26 45.000000  1.020000 2.078890402795e-12 8.628219548417e-13 1.964065699536e-13 4.737187236929e-13
572 5 27 45.000000  1.060000 2.794520089725e-12 1.160779906114e-12 1.089874134288e-13 3.203140444757e-13
593 5 28 45.000000  1.100000 2.976027277061e-12 1.492163588145e-12 5.567055087197e-14 2.172224561280e-13
614 5 29 45.000000  1.140000 0.000000000000e+00 0.000000000000e+00 2.525835269682e-14 1.321330239102e-13
635 5 30 45.000000  1.180000 0.000000000000e+00 0.000000000000e+00 1.184718723769e-14 8.746963868246e-14
279 6 13 55.000000  0.500000 0.000000000000e+00 0.000000000000e+00 2.424307001739e-11 3.316231669384e-11
300 6 14 55.000000  0.540000 0.000000000000e+00 0.000000000000e+00 1.841992013392e-11 2.630363431914e-11
321 6 15 55.000000  0.580000 5.383207385150e-11 1.780850067767e-11 1.387248209232e-11 2.060731899339e-11
342 6 16 55.000000  0.620000 1.293373917849e-11 5.410631005783e-12 1.028956428271e-11 1.604559403383e-11
363 6 17 55.000000  0.660000 1.896417802255e-11 5.153338776326e-12 7.517772914377e-12 1.224856654707e-11
384 6 18 55.000000  0.700000 1.269205199733e-11 3.696181964801e-12 5.434243282602e-12 9.431037872471e-12
405 6 19 55.000000  0.740000 1.675771542110e-11 3.796120062072e-12 3.857116881755e-12 7.166317939337e-12
426 6 20 55.000000  0.780000 4.819364930130e-12 2.004592034292e-12 2.679641467034e-12 5.356541712575e-12
447 6 21 55.000000  0.820000 4.007922533401e-12 2.010247599981e-12 1.835471515134e-12 4.024684965340e-12
468 6 22 55.000000  0.860000 0.000000000000e+00 0.000000000000e+00 1.222329675470e-12 2.999986915304e-12
489 6 23 55.000000  0.900000 0.000000000000e+00 0.000000000000e+00 7.910391383472e-13 2.188130215182e-12
510 6 24 55.000000  0.940000 0.000000000000e+00 0.000000000000e+00 4.932340763506e-13 1.556786148839e-12
531 6 25 55.000000  0.980000 0.000000000000e+00 0.000000000000e+00 2.962316777462e-13 1.096756048103e-12
552 6 26 55.000000  1.020000 0.000000000000e+00 0.000000000000e+00 1.711247119777e-13 7.449975244641e-13
573 6 27 55.000000  1.060000 0.000000000000e+00 0.000000000000e+00 9.571212961403e-14 4.959512339547e-13
594 6 28 55.000000  1.100000 0.000000000000e+00 0.000000000000e+00 4.836983490113e-14 2.968250603483e-13
615 6 29 55.000000  1.140000 0.000000000000e+00 0.000000000000e+00 2.121304732804e-14 1.543505374888e-13
