                                                                                                                                                                                                   
#\ xb = th_nq                                                                                                    
#\ yb = pm                                                                        
# current header line:  
#! i_b[i,0]/ i_x[i,1]/ i_y[i,2]/ xb[f,3]/ yb[f,4]/ red_dataXsec[f,5]/   red_dataXsec_err[f,6]/   red_pwiaXsec[f,7]/   red_fsiXsec[f,8]/
359 2 17 15.000000  0.660000 0.000000000000e+00 0.000000000000e+00 1.232966816244e-11 8.139919335210e-12
380 2 18 15.000000  0.700000 0.000000000000e+00 0.000000000000e+00 9.714361792119e-12 6.408331079968e-12
401 2 19 15.000000  0.740000 0.000000000000e+00 0.000000000000e+00 7.289189961085e-12 4.810371145457e-12
422 2 20 15.000000  0.780000 0.000000000000e+00 0.000000000000e+00 5.394675511273e-12 3.575507768482e-12
443 2 21 15.000000  0.820000 0.000000000000e+00 0.000000000000e+00 3.889503808308e-12 2.611514101449e-12
464 2 22 15.000000  0.860000 0.000000000000e+00 0.000000000000e+00 2.987450834916e-12 2.055959544945e-12
297 3 14 25.000000  0.540000 0.000000000000e+00 0.000000000000e+00 2.498754301966e-11 1.828244176612e-11
318 3 15 25.000000  0.580000 0.000000000000e+00 0.000000000000e+00 1.944815346960e-11 1.391543380288e-11
339 3 16 25.000000  0.620000 5.025853469708e-12 1.477714109370e-12 1.499035949834e-11 1.051410590836e-11
360 3 17 25.000000  0.660000 0.000000000000e+00 0.000000000000e+00 1.138455407568e-11 7.819758251669e-12
381 3 18 25.000000  0.700000 0.000000000000e+00 0.000000000000e+00 8.534602076768e-12 5.754114532176e-12
402 3 19 25.000000  0.740000 0.000000000000e+00 0.000000000000e+00 6.232308676492e-12 4.128935815455e-12
423 3 20 25.000000  0.780000 2.903268039992e-12 7.013164374649e-13 4.500564621141e-12 2.947180686365e-12
444 3 21 25.000000  0.820000 0.000000000000e+00 0.000000000000e+00 3.154310581786e-12 2.058062215242e-12
465 3 22 25.000000  0.860000 0.000000000000e+00 0.000000000000e+00 2.167488728222e-12 1.434742250059e-12
486 3 23 25.000000  0.900000 0.000000000000e+00 0.000000000000e+00 1.428266062376e-12 9.805875575578e-13
507 3 24 25.000000  0.940000 0.000000000000e+00 0.000000000000e+00 8.926963015766e-13 6.590210756246e-13
528 3 25 25.000000  0.980000 0.000000000000e+00 0.000000000000e+00 5.627509132885e-13 4.610642225623e-13
549 3 26 25.000000  1.020000 0.000000000000e+00 0.000000000000e+00 3.241675654052e-13 3.117789991980e-13
570 3 27 25.000000  1.060000 0.000000000000e+00 0.000000000000e+00 1.771854129377e-13 2.103597801454e-13
591 3 28 25.000000  1.100000 0.000000000000e+00 0.000000000000e+00 8.829669716150e-14 1.422235275927e-13
612 3 29 25.000000  1.140000 0.000000000000e+00 0.000000000000e+00 4.952929511606e-14 1.036915786353e-13
633 3 30 25.000000  1.180000 0.000000000000e+00 0.000000000000e+00 2.156639832180e-14 7.742963898236e-14
277 4 13 35.000000  0.500000 0.000000000000e+00 0.000000000000e+00 2.886234783491e-11 2.463927052662e-11
298 4 14 35.000000  0.540000 0.000000000000e+00 0.000000000000e+00 2.273669176868e-11 1.931746037465e-11
319 4 15 35.000000  0.580000 0.000000000000e+00 0.000000000000e+00 1.738540192782e-11 1.475404568136e-11
340 4 16 35.000000  0.620000 5.339162844222e-12 9.390050706518e-13 1.315872494083e-11 1.112521320039e-11
361 4 17 35.000000  0.660000 0.000000000000e+00 0.000000000000e+00 9.788798948250e-12 8.309606260758e-12
382 4 18 35.000000  0.700000 2.902038111968e-12 3.977150806186e-13 7.173824343106e-12 6.126106189142e-12
403 4 19 35.000000  0.740000 2.381352536311e-12 3.154971116683e-13 5.157277426739e-12 4.439294003024e-12
424 4 20 35.000000  0.780000 3.204835835559e-12 3.525989036542e-13 3.642271163359e-12 3.165831547379e-12
445 4 21 35.000000  0.820000 1.717363384177e-12 2.536671604214e-13 2.519131059866e-12 2.222037709681e-12
466 4 22 35.000000  0.860000 1.939630421747e-12 2.620358160109e-13 1.694498789598e-12 1.527269897893e-12
487 4 23 35.000000  0.900000 1.337521626551e-12 2.195060185730e-13 1.102646955951e-12 1.026205989775e-12
508 4 24 35.000000  0.940000 9.048328148866e-13 1.947321591997e-13 6.933523702794e-13 6.802125807280e-13
529 4 25 35.000000  0.980000 0.000000000000e+00 0.000000000000e+00 4.197504005081e-13 4.426820996007e-13
550 4 26 35.000000  1.020000 0.000000000000e+00 0.000000000000e+00 2.451904832617e-13 2.869048400509e-13
571 4 27 35.000000  1.060000 0.000000000000e+00 0.000000000000e+00 1.335186493463e-13 1.806507765790e-13
592 4 28 35.000000  1.100000 0.000000000000e+00 0.000000000000e+00 6.841467914087e-14 1.115288753671e-13
613 4 29 35.000000  1.140000 1.524031149272e-12 3.986676006447e-13 3.165687268046e-14 6.708886500005e-14
634 4 30 35.000000  1.180000 0.000000000000e+00 0.000000000000e+00 1.337503243650e-14 4.080883741080e-14
320 5 15 45.000000  0.580000 0.000000000000e+00 0.000000000000e+00 1.510547942827e-11 1.594986227041e-11
341 5 16 45.000000  0.620000 0.000000000000e+00 0.000000000000e+00 1.144189213623e-11 1.242559680152e-11
362 5 17 45.000000  0.660000 7.308643046832e-12 1.367839312683e-12 8.415202274912e-12 9.462631314106e-12
383 5 18 45.000000  0.700000 6.301747815269e-12 8.720195920752e-13 6.089797213444e-12 7.120872094617e-12
404 5 19 45.000000  0.740000 3.276548885207e-12 4.666292172188e-13 4.353328868425e-12 5.305831190182e-12
425 5 20 45.000000  0.780000 3.391166688328e-12 3.989928068566e-13 3.031984651633e-12 3.867087434622e-12
446 5 21 45.000000  0.820000 3.133549955486e-12 3.470598107132e-13 2.067885838383e-12 2.803658778067e-12
467 5 22 45.000000  0.860000 1.421107154007e-12 2.157487836918e-13 1.383846229964e-12 1.998616475236e-12
488 5 23 45.000000  0.900000 2.395740819174e-12 2.776939344222e-13 8.939799645850e-13 1.401856808697e-12
509 5 24 45.000000  0.940000 1.523294392357e-12 2.182557782932e-13 5.592229790695e-13 9.570412419418e-13
530 5 25 45.000000  0.980000 0.000000000000e+00 0.000000000000e+00 3.373150123790e-13 6.471036466718e-13
551 5 26 45.000000  1.020000 1.487345327681e-12 2.368112250580e-13 1.976334989689e-13 4.325389848548e-13
572 5 27 45.000000  1.060000 0.000000000000e+00 0.000000000000e+00 1.088433715066e-13 2.895705080973e-13
593 5 28 45.000000  1.100000 1.226307736643e-12 2.641600069385e-13 5.496945011375e-14 1.868585073921e-13
614 5 29 45.000000  1.140000 1.320554019766e-12 2.846301310533e-13 2.432004173438e-14 1.144219723327e-13
635 5 30 45.000000  1.180000 0.000000000000e+00 0.000000000000e+00 1.203327758427e-14 7.527332959617e-14
