                                                                                                                                                                                                   
#\ xb = th_nq                                                                                                    
#\ yb = pm                                                                        
# current header line:  
#! i_b[i,0]/ i_x[i,1]/ i_y[i,2]/ xb[f,3]/ yb[f,4]/ red_dataXsec[f,5]/   red_dataXsec_err[f,6]/   red_pwiaXsec[f,7]/   red_fsiXsec[f,8]/
21 1 1 10.000000  0.020000 3.970690920011e-07 2.878807504826e-07 6.319015513028e-07 6.516615715616e-07
41 1 2 10.000000  0.060000 2.078729063703e-07 4.360079694409e-08 1.828942136486e-07 1.896463219992e-07
61 1 3 10.000000  0.100000 4.578816657852e-08 5.740985951412e-09 3.915997561069e-08 4.131696460141e-08
81 1 4 10.000000  0.140000 1.181740686323e-08 1.630698719229e-09 1.127961919017e-08 1.193623832406e-08
101 1 5 10.000000  0.180000 4.061872409433e-09 9.719735001676e-10 3.809219615007e-09 4.026417312258e-09
121 1 6 10.000000  0.220000 3.442291927529e-09 1.414477500921e-09 1.436479135056e-09 1.515393488324e-09
141 1 7 10.000000  0.260000 0.000000000000e+00 0.000000000000e+00 6.414387208804e-10 6.861268614480e-10
161 1 8 10.000000  0.300000 0.000000000000e+00 0.000000000000e+00 3.580437220144e-10 3.947612159152e-10
22 2 1 20.000000  0.020000 6.752548670957e-07 3.609789750891e-07 5.986234162076e-07 6.178800940631e-07
42 2 2 20.000000  0.060000 2.091544019359e-07 3.220892210965e-08 1.699822202377e-07 1.774047103884e-07
62 2 3 20.000000  0.100000 4.542603513538e-08 4.219105320389e-09 4.155192376950e-08 4.387794523587e-08
82 2 4 20.000000  0.140000 1.062626022205e-08 1.007785758206e-09 1.072590996437e-08 1.144400543946e-08
102 2 5 20.000000  0.180000 4.279187099504e-09 6.258902073700e-10 3.523792917075e-09 3.759678636540e-09
122 2 6 20.000000  0.220000 1.767348817745e-09 4.593493015626e-10 1.306217396802e-09 1.385352560566e-09
142 2 7 20.000000  0.260000 9.740941321126e-10 4.443412474918e-10 5.516733696385e-10 5.891213810591e-10
162 2 8 20.000000  0.300000 4.268985785807e-10 4.303834135094e-10 2.540358735522e-10 2.808748199156e-10
182 2 9 20.000000  0.340000 0.000000000000e+00 0.000000000000e+00 1.343483046483e-10 1.588591819956e-10
23 3 1 30.000000  0.020000 6.489690402793e-07 2.748424691565e-07 6.232128188817e-07 6.434909114834e-07
43 3 2 30.000000  0.060000 1.660425945064e-07 2.201487341443e-08 1.802720564567e-07 1.876163538507e-07
63 3 3 30.000000  0.100000 3.862353689100e-08 3.088235544775e-09 3.840149824286e-08 4.086444918729e-08
83 3 4 30.000000  0.140000 1.059282660112e-08 8.248250467467e-10 1.046479533137e-08 1.132112370500e-08
103 3 5 30.000000  0.180000 3.628961646982e-09 3.993211754809e-10 3.250092259618e-09 3.516043110858e-09
123 3 6 30.000000  0.220000 1.799132140444e-09 2.924764577338e-10 1.229334373895e-09 1.318507805817e-09
143 3 7 30.000000  0.260000 3.520716513806e-10 1.446775627152e-10 5.165705947746e-10 5.501280398530e-10
163 3 8 30.000000  0.300000 0.000000000000e+00 0.000000000000e+00 2.479394336229e-10 2.657477285029e-10
183 3 9 30.000000  0.340000 1.135755904045e-10 1.137739124561e-10 1.331129663661e-10 1.470639368212e-10
203 3 10 30.000000  0.380000 0.000000000000e+00 0.000000000000e+00 8.192056208524e-11 9.413637766083e-11
223 3 11 30.000000  0.420000 0.000000000000e+00 0.000000000000e+00 5.405094165286e-11 6.462540664163e-11
24 4 1 40.000000  0.020000 1.164032347501e-06 5.549788436116e-07 6.884993364555e-07 7.091359310440e-07
44 4 2 40.000000  0.060000 1.826016124352e-07 2.290376555708e-08 1.863425867430e-07 1.955210872935e-07
64 4 3 40.000000  0.100000 3.664732682129e-08 2.759873696491e-09 3.836867376303e-08 4.111507091420e-08
84 4 4 40.000000  0.140000 1.038120861290e-08 7.416119895991e-10 9.859430733530e-09 1.083376522231e-08
104 4 5 40.000000  0.180000 3.112358224235e-09 3.146610400066e-10 3.175846740663e-09 3.510855701499e-09
124 4 6 40.000000  0.220000 9.964720165177e-10 1.750260411234e-10 1.158571461314e-09 1.269960764435e-09
144 4 7 40.000000  0.260000 4.891868476999e-10 1.276327334031e-10 4.902900872059e-10 5.263905769787e-10
164 4 8 40.000000  0.300000 1.869412121980e-10 8.390747770029e-11 2.436392780057e-10 2.523846638406e-10
184 4 9 40.000000  0.340000 4.967269181651e-11 4.971654136617e-11 1.368912851926e-10 1.378388439349e-10
204 4 10 40.000000  0.380000 1.432914773520e-10 1.015583912233e-10 8.540537699844e-11 8.486160237411e-11
224 4 11 40.000000  0.420000 0.000000000000e+00 0.000000000000e+00 5.904873200516e-11 5.775905769554e-11
244 4 12 40.000000  0.460000 2.620185531657e-10 2.630649458827e-10 4.320897853668e-11 4.134713394252e-11
264 4 13 40.000000  0.500000 0.000000000000e+00 0.000000000000e+00 3.269294927951e-11 3.050224541419e-11
284 4 14 40.000000  0.540000 0.000000000000e+00 0.000000000000e+00 2.460673792667e-11 2.254660798167e-11
304 4 15 40.000000  0.580000 0.000000000000e+00 0.000000000000e+00 1.939009586623e-11 1.702740424394e-11
25 5 1 50.000000  0.020000 8.820041970061e-07 3.936128261248e-07 6.723889296906e-07 6.930979374334e-07
45 5 2 50.000000  0.060000 2.094695293266e-07 2.767706301284e-08 2.083430799468e-07 2.163156284422e-07
65 5 3 50.000000  0.100000 3.921646002993e-08 3.021158378447e-09 4.063508705617e-08 4.391199642503e-08
85 5 4 50.000000  0.140000 1.000616958656e-08 7.148779283111e-10 9.757839152444e-09 1.098336920275e-08
105 5 5 50.000000  0.180000 2.883638601509e-09 2.805767907768e-10 2.931748714854e-09 3.403190026197e-09
125 5 6 50.000000  0.220000 1.022182984684e-09 1.526663966098e-10 1.052966645850e-09 1.231463162942e-09
145 5 7 50.000000  0.260000 4.097212876626e-10 1.007559086107e-10 4.531321617652e-10 5.096558641969e-10
165 5 8 50.000000  0.300000 1.330862846648e-10 5.973038700785e-11 2.278383058825e-10 2.367209305278e-10
185 5 9 50.000000  0.340000 1.571426546867e-10 7.053223802730e-11 1.368614008620e-10 1.275106819561e-10
205 5 10 50.000000  0.380000 0.000000000000e+00 0.000000000000e+00 9.169647102639e-11 7.689282005322e-11
225 5 11 50.000000  0.420000 0.000000000000e+00 0.000000000000e+00 6.726157239935e-11 5.191777940355e-11
245 5 12 50.000000  0.460000 1.298147928326e-10 9.202964162539e-11 5.095395988166e-11 3.715799350550e-11
265 5 13 50.000000  0.500000 0.000000000000e+00 0.000000000000e+00 3.952945342702e-11 2.743561204222e-11
285 5 14 50.000000  0.540000 0.000000000000e+00 0.000000000000e+00 3.059003154743e-11 2.031218229051e-11
305 5 15 50.000000  0.580000 0.000000000000e+00 0.000000000000e+00 2.407378016528e-11 1.514196604612e-11
325 5 16 50.000000  0.620000 0.000000000000e+00 0.000000000000e+00 1.894696908440e-11 1.121982051720e-11
345 5 17 50.000000  0.660000 0.000000000000e+00 0.000000000000e+00 1.464512392114e-11 8.448604459447e-12
365 5 18 50.000000  0.700000 0.000000000000e+00 0.000000000000e+00 1.156627727145e-11 6.695235028606e-12
26 6 1 60.000000  0.020000 6.855161908284e-07 3.179902347951e-07 6.176773567538e-07 6.364710970693e-07
46 6 2 60.000000  0.060000 1.837362509968e-07 2.493359916798e-08 2.296396241392e-07 2.380965360897e-07
66 6 3 60.000000  0.100000 3.756005731838e-08 3.059744352030e-09 4.298319316601e-08 4.663720650606e-08
86 6 4 60.000000  0.140000 9.401452166709e-09 7.286053184928e-10 1.025738777017e-08 1.175774409463e-08
106 6 5 60.000000  0.180000 2.692422416709e-09 2.832819433941e-10 2.744023340752e-09 3.380912164143e-09
126 6 6 60.000000  0.220000 8.173647951494e-10 1.411427169153e-10 8.906630876373e-10 1.155363030369e-09
146 6 7 60.000000  0.260000 4.239893710162e-10 9.111163261290e-11 3.515050926967e-10 4.505288128383e-10
166 6 8 60.000000  0.300000 1.847019294831e-10 5.899729611872e-11 1.916558843873e-10 2.164499353443e-10
186 6 9 60.000000  0.340000 1.208323885344e-10 4.957692221138e-11 1.261917049190e-10 1.169393064340e-10
206 6 10 60.000000  0.380000 6.702590311602e-11 3.878027226979e-11 9.518200082872e-11 7.130696406640e-11
226 6 11 60.000000  0.420000 4.959523617808e-11 3.511417657107e-11 7.687430535767e-11 4.746378778052e-11
246 6 12 60.000000  0.460000 8.799199401927e-11 5.095537705099e-11 6.351070302908e-11 3.338769289430e-11
266 6 13 60.000000  0.500000 0.000000000000e+00 0.000000000000e+00 5.252171453751e-11 2.422783139041e-11
286 6 14 60.000000  0.540000 0.000000000000e+00 0.000000000000e+00 4.359048797636e-11 1.778593693618e-11
306 6 15 60.000000  0.580000 7.508782825706e-11 7.525011055470e-11 3.573137691665e-11 1.317693832479e-11
326 6 16 60.000000  0.620000 0.000000000000e+00 0.000000000000e+00 2.882908392400e-11 9.879042927159e-12
346 6 17 60.000000  0.660000 0.000000000000e+00 0.000000000000e+00 2.345648781610e-11 7.113749719162e-12
366 6 18 60.000000  0.700000 0.000000000000e+00 0.000000000000e+00 1.771717766176e-11 5.101977994559e-12
27 7 1 70.000000  0.020000 3.817010539763e-07 1.986979996408e-07 6.613912482015e-07 6.828522136782e-07
47 7 2 70.000000  0.060000 2.025890933491e-07 3.295250307455e-08 2.235482626157e-07 2.324596021513e-07
67 7 3 70.000000  0.100000 4.139369900895e-08 3.785448957835e-09 4.464088582076e-08 4.840689599067e-08
87 7 4 70.000000  0.140000 8.794430250443e-09 7.491778717086e-10 9.483333074288e-09 1.121404077216e-08
107 7 5 70.000000  0.180000 2.445718027056e-09 2.746490118118e-10 2.364787745096e-09 3.192728714538e-09
127 7 6 70.000000  0.220000 6.199165519901e-10 1.374176678147e-10 6.794984081889e-10 1.076591976555e-09
147 7 7 70.000000  0.260000 3.698191362322e-10 1.153736586344e-10 2.708520870999e-10 4.456148389390e-10
167 7 8 70.000000  0.300000 1.759154205821e-10 6.104376071441e-11 1.490643398462e-10 2.095456678202e-10
187 7 9 70.000000  0.340000 7.964931692748e-11 4.011968004099e-11 1.114251168623e-10 1.103228386598e-10
207 7 10 70.000000  0.380000 1.271941071008e-10 5.213382984413e-11 9.744722667513e-11 6.629766598661e-11
227 7 11 70.000000  0.420000 0.000000000000e+00 0.000000000000e+00 8.764548060998e-11 4.354674750119e-11
247 7 12 70.000000  0.460000 0.000000000000e+00 0.000000000000e+00 7.700030269886e-11 3.043972316179e-11
267 7 13 70.000000  0.500000 1.840052460280e-10 7.557313381128e-11 6.421866695273e-11 2.191814041349e-11
287 7 14 70.000000  0.540000 8.585659077857e-11 6.086888353767e-11 5.140145847618e-11 1.627158628141e-11
307 7 15 70.000000  0.580000 5.818801346312e-11 5.830561599626e-11 3.770314138963e-11 1.185942769682e-11
327 7 16 70.000000  0.620000 0.000000000000e+00 0.000000000000e+00 2.649588745412e-11 8.746057942988e-12
347 7 17 70.000000  0.660000 0.000000000000e+00 0.000000000000e+00 1.770135231748e-11 6.355783110815e-12
367 7 18 70.000000  0.700000 0.000000000000e+00 0.000000000000e+00 1.115309611009e-11 4.599484001644e-12
387 7 19 70.000000  0.740000 0.000000000000e+00 0.000000000000e+00 7.393083356549e-12 3.305941857510e-12
28 8 1 80.000000  0.020000 8.991264294111e-07 7.276318582304e-07 6.843792748689e-07 7.061369978468e-07
48 8 2 80.000000  0.060000 1.926339798951e-07 3.854199506326e-08 2.272838648876e-07 2.380072060231e-07
68 8 3 80.000000  0.100000 3.708751309641e-08 4.166467249918e-09 4.305873827887e-08 4.746160978017e-08
88 8 4 80.000000  0.140000 9.225968881995e-09 9.173560491163e-10 8.966894379572e-09 1.089032426396e-08
108 8 5 80.000000  0.180000 2.364433029966e-09 2.942575143437e-10 2.054163282520e-09 2.985787966235e-09
128 8 6 80.000000  0.220000 7.794139007717e-10 1.482550240426e-10 5.777210240600e-10 1.052559786085e-09
148 8 7 80.000000  0.260000 4.126713749464e-10 1.004831457157e-10 2.196141763749e-10 4.296171318052e-10
168 8 8 80.000000  0.300000 1.711644588072e-10 6.838288208729e-11 1.294391372415e-10 1.955439126945e-10
188 8 9 80.000000  0.340000 2.127633706109e-10 8.995390002002e-11 1.043820499809e-10 1.030093855606e-10
208 8 10 80.000000  0.380000 1.459185476731e-10 7.681148724636e-11 9.057905725189e-11 6.219807479915e-11
228 8 11 80.000000  0.420000 1.291799672157e-10 9.177503740572e-11 7.572411560074e-11 4.081823741965e-11
248 8 12 80.000000  0.460000 1.032017559271e-10 1.035934775464e-10 6.062473055434e-11 2.860439351604e-11
268 8 13 80.000000  0.500000 1.828006284898e-10 1.840839772217e-10 4.598881053452e-11 2.083715064167e-11
288 8 14 80.000000  0.540000 0.000000000000e+00 0.000000000000e+00 3.373469867423e-11 1.534796996378e-11
308 8 15 80.000000  0.580000 0.000000000000e+00 0.000000000000e+00 2.381064744043e-11 1.158866060901e-11
328 8 16 80.000000  0.620000 0.000000000000e+00 0.000000000000e+00 1.687618682629e-11 8.824444860793e-12
29 9 1 90.000000  0.020000 2.228244699976e-06 2.397776603415e-06 7.130293087849e-07 7.354209315724e-07
49 9 2 90.000000  0.060000 1.606321180602e-07 4.200502413235e-08 2.426296530895e-07 2.535635168554e-07
69 9 3 90.000000  0.100000 2.842675096121e-08 4.662635872782e-09 4.228752964064e-08 4.632044869281e-08
89 9 4 90.000000  0.140000 7.331748614824e-09 1.119098364871e-09 8.990383223559e-09 1.078937008330e-08
109 9 5 90.000000  0.180000 2.406392907215e-09 4.856307644390e-10 2.162194736049e-09 2.987916156175e-09
129 9 6 90.000000  0.220000 1.254338735635e-09 3.555787439306e-10 6.605200782637e-10 1.032585347125e-09
149 9 7 90.000000  0.260000 4.552244593504e-10 2.680333749163e-10 2.602643372944e-10 4.126635543747e-10
169 9 8 90.000000  0.300000 0.000000000000e+00 0.000000000000e+00 1.470442014391e-10 1.904342461098e-10
189 9 9 90.000000  0.340000 0.000000000000e+00 0.000000000000e+00 1.053718430560e-10 1.037587361239e-10
209 9 10 90.000000  0.380000 0.000000000000e+00 0.000000000000e+00 8.270615566103e-11 6.500232800092e-11
30 10 1 100.000000  0.020000 0.000000000000e+00 0.000000000000e+00 7.216404450619e-07 7.415198147018e-07
50 10 2 100.000000  0.060000 1.759794050795e-07 8.143420620339e-08 2.640393623486e-07 2.737074984483e-07
70 10 3 100.000000  0.100000 2.583091918949e-08 9.537446995934e-09 4.609144760758e-08 4.983747909797e-08
90 10 4 100.000000  0.140000 1.132400380163e-08 4.802039264165e-09 1.057126975717e-08 1.229146488805e-08
110 10 5 100.000000  0.180000 1.001794888013e-08 8.063904658778e-09 2.975421513451e-09 3.742629067396e-09
31 11 1 110.000000  0.020000 0.000000000000e+00 0.000000000000e+00 8.776126696351e-07 9.000537656501e-07
51 11 2 110.000000  0.060000 2.450758060078e-07 2.695008157384e-07 2.891394034015e-07 2.994722346719e-07
71 11 3 110.000000  0.100000 0.000000000000e+00 0.000000000000e+00 4.869310641732e-08 5.240150899442e-08
32 12 1 120.000000  0.020000 1.250640377234e-07 2.933011731146e-07 1.168179974823e-06 1.193127144147e-06
52 12 2 120.000000  0.060000 0.000000000000e+00 0.000000000000e+00 3.935851335908e-07 4.071376539452e-07
