#This datafile contains redXsec from Hall C Deuteron Experiment: E12-10-003
#Units: pm_avg [GeV/c] :: redXsec [fm^3],   theta_nq = 35 +\- 5 deg 
#!pm_avg[f,0]/   data_redXsec[f,1]/   data_redXsec_tot_err[f,2]/   stats_rel_err[f,3]/  kin_rel_err[f,4]/   norm_rel_err[f,5]   tot_rel_syst_err[f,6]/   tot_rel_err[f,7]/ 
0.03181 4.00473E+00  8.56166E-01  0.20911  0.02525  0.03661  0.04447  0.21379
0.06217 1.18093E+00  9.49371E-02  0.06318  0.03363  0.03661  0.04971  0.08039
0.09914 2.88897E-01  2.07012E-02  0.04603  0.04093  0.03661  0.05492  0.07166
0.13875 7.58109E-02  6.31390E-03  0.05773  0.04758  0.03661  0.06003  0.08328
0.17780 2.00561E-02  2.40005E-03  0.10124  0.05225  0.03661  0.06380  0.11967
0.21766 8.63454E-03  1.47108E-03  0.15720  0.05455  0.03661  0.06570  0.17037
0.25754 2.78087E-03  8.23752E-04  0.28923  0.05247  0.03661  0.06398  0.29622
0.29743 NAN  4.84450E-04  0.57764  0.04600  0.03661  0.05879  0.58063
0.33737 NAN  5.32981E-04  0.70741  0.03889  0.03661  0.05341  0.70942
0.37612 NAN  6.19537E-04  1.00033  0.03173  0.03661  0.04845  1.00151
nan NAN  NAN  nan  nan  nan  nan  nan
0.46420 9.60399E-05  4.39159E-05  0.45413  0.00718  0.05302  0.05351  0.45727
0.50193 5.99945E-05  1.72207E-05  0.28201  0.00707  0.05302  0.05349  0.28704
0.54070 4.24077E-05  1.00538E-05  0.23096  0.00716  0.05302  0.05350  0.23707
0.58204 1.86561E-05  5.17178E-06  0.26661  0.01092  0.07514  0.07593  0.27722
0.62089 2.27245E-05  4.68142E-06  0.18759  0.01328  0.08410  0.08514  0.20601
0.66007 1.23351E-05  2.83355E-06  0.21671  0.01260  0.07514  0.07619  0.22972
0.69960 1.24011E-05  2.50974E-06  0.18345  0.01523  0.08410  0.08546  0.20238
0.73908 9.99662E-06  2.09538E-06  0.19131  0.01630  0.08410  0.08566  0.20961
0.77906 1.15967E-05  2.28252E-06  0.18115  0.01634  0.07523  0.07698  0.19682
0.81867 6.11389E-06  1.53730E-06  0.23620  0.01905  0.08410  0.08623  0.25144
0.85839 7.10916E-06  1.70115E-06  0.22308  0.02059  0.08410  0.08658  0.23929
0.89856 4.18936E-06  1.34371E-06  0.31341  0.01971  0.06527  0.06818  0.32074
0.93832 3.55695E-06  1.28252E-06  0.35395  0.02171  0.06527  0.06879  0.36057
0.97811 NAN  1.61987E-06  0.50012  0.01418  0.03769  0.04027  0.50174
1.01788 NAN  1.33105E-06  0.61156  0.02853  0.05335  0.06050  0.61455
1.05771 NAN  1.68878E-06  0.53714  0.12543  0.05325  0.13627  0.55415
nan NAN  NAN  nan  nan  nan  nan  nan
1.13730 NAN  2.41618E-06  0.51602  0.00000  0.06527  0.06527  0.52013
1.17326 NAN  1.31518E-05  1.00028  0.00000  0.03776  0.03776  1.00100
