# Laget Cross Section Results at the Averaged Kinematics
# averaged kinematic varibles used as input to calculate the cross section
# kinematics: Ei, Q2, omega, th_pq_cm, phi_pq
#
#\ xb = th_nq
#\ yb = pm
# current header line:
#! i_b[i,0]/ i_x[i,1]/ i_y[i,2]/ xb[f,3]/ yb[f,4]/ pwiaXsec[f,5]/ pwiaGEp[f,6]/ pwiaGMp[f,7]/ pwia_sigMott[f,8]/ pwia_Ksig_cc1[f,9]/ fsiXsec[f,10]/ fsiGEp[f,11]/ fsiGMp[f,12]/ fsi_sigMott[f,13]/ fsi_Ksig_cc1[f,14]/ 
359 2 17 15.0 0.66 2.721972478883e-08 0.020757 0.053465 0.347544 2209.568591 1.797351498705e-08 0.020758 0.053467 0.347558 2209.772463 
380 2 18 15.0 0.7 1.869704013004e-08 0.019836 0.050733 0.326127 1928.140203 1.233629098182e-08 0.019836 0.050734 0.326132 1928.103894 
401 2 19 15.0 0.74 1.216658556246e-08 0.018964 0.048162 0.306187 1674.894093 8.028929919605e-09 0.018964 0.048161 0.306184 1674.745455 
422 2 20 15.0 0.78 7.959299637408e-09 0.018234 0.046015 0.289688 1478.54664 5.273033591244e-09 0.018235 0.046016 0.289703 1478.466893 
443 2 21 15.0 0.82 5.099739456349e-09 0.017575 0.044085 0.27501 1313.179372 3.425577045393e-09 0.017576 0.044089 0.275046 1313.156661 
464 2 22 15.0 0.86 3.636884748623e-09 0.01723 0.043079 0.267411 1231.560483 2.485402170326e-09 0.017232 0.043085 0.267464 1231.851078 
276 3 13 25.0 0.5 1.281402708991e-07 0.025177 0.066703 0.45022 4193.413033 9.33406872517e-08 0.025177 0.066703 0.45022 4193.413097 
297 3 14 25.0 0.54 1.009730848222e-07 0.024693 0.065245 0.437393 4026.316635 7.408549941935e-08 0.0247 0.065266 0.437524 4031.919722 
318 3 15 25.0 0.58 7.015975134145e-08 0.023741 0.06238 0.413954 3590.212332 5.028227616653e-08 0.023748 0.062403 0.414095 3595.960408 
339 3 16 25.0 0.62 4.797110501658e-08 0.022811 0.059593 0.39125 3195.379245 3.369487288611e-08 0.022823 0.059628 0.391489 3202.247561 
360 3 17 25.0 0.66 3.199295182632e-08 0.021848 0.056713 0.368063 2809.615487 2.202634778145e-08 0.021861 0.056751 0.368317 2816.392335 
381 3 18 25.0 0.7 2.10262428668e-08 0.020916 0.053938 0.345943 2460.544309 1.41991244559e-08 0.02093 0.05398 0.346214 2467.365509 
402 3 19 25.0 0.74 1.353490000386e-08 0.020071 0.05143 0.325995 2172.197833 8.992931495086e-09 0.020085 0.051472 0.326262 2178.581725 
423 3 20 25.0 0.78 8.659658198812e-09 0.019308 0.049175 0.308311 1925.19918 5.689365478099e-09 0.019324 0.049221 0.308605 1931.459499 
444 3 21 25.0 0.82 5.534828534122e-09 0.018762 0.047567 0.295756 1754.229473 3.620899919828e-09 0.018779 0.047615 0.29606 1760.244399 
465 3 22 25.0 0.86 3.54359944531e-09 0.018365 0.046399 0.286453 1634.34331 2.352724152629e-09 0.018381 0.046446 0.286748 1639.468473 
486 3 23 25.0 0.9 2.203378909591e-09 0.018063 0.045512 0.279061 1544.479607 1.51738865514e-09 0.018078 0.045557 0.279359 1548.586625 
507 3 24 25.0 0.94 1.313377792204e-09 0.017844 0.044872 0.273404 1473.295734 9.707178935446e-10 0.017858 0.044913 0.273697 1476.005126 
528 3 25 25.0 0.98 8.037067156809e-10 0.017718 0.044504 0.269847 1424.011932 6.587163649915e-10 0.01773 0.044539 0.2701 1425.361279 
549 3 26 25.0 1.02 4.427728590444e-10 0.017597 0.044149 0.266222 1367.39986 4.255723742261e-10 0.017606 0.044177 0.266439 1367.770694 
570 3 27 25.0 1.06 2.338546671016e-10 0.017472 0.043785 0.262538 1316.340384 2.769260168908e-10 0.017477 0.0438 0.262649 1315.517445 
591 3 28 25.0 1.1 1.096502668582e-10 0.017306 0.043299 0.257844 1257.141982 1.773804039501e-10 0.017307 0.043303 0.257881 1255.920239 
612 3 29 25.0 1.14 6.244225386507e-11 0.017181 0.042936 0.253967 1240.206091 1.288325486448e-10 0.01718 0.042932 0.25391 1238.936474 
633 3 30 25.0 1.18 2.329978789496e-11 0.017094 0.04268 0.251382 1175.225223 8.955341508258e-11 0.017092 0.042674 0.251318 1174.154948 
277 4 13 35.0 0.5 1.425056242799e-07 0.025991 0.069163 0.463354 4963.481551 1.236851755366e-07 0.026005 0.069206 0.463634 4974.674704 
298 4 14 35.0 0.54 1.015080928274e-07 0.025002 0.066177 0.438497 4454.268167 8.637973231056e-08 0.025021 0.066233 0.438762 4470.982765 
319 4 15 35.0 0.58 7.220896962632e-08 0.024324 0.064135 0.42115 4143.524382 6.13970147244e-08 0.024341 0.064186 0.421328 4160.523069 
340 4 16 35.0 0.62 5.094160304689e-08 0.023724 0.06233 0.405973 3870.195062 4.3278778966e-08 0.02375 0.062408 0.406332 3891.263325 
361 4 17 35.0 0.66 3.524991028221e-08 0.023105 0.060474 0.390269 3597.564462 3.011950670936e-08 0.023142 0.060583 0.390851 3623.256537 
382 4 18 35.0 0.7 2.37465887758e-08 0.022454 0.058523 0.373798 3309.372718 2.04826612351e-08 0.022508 0.058686 0.374778 3341.680868 
403 4 19 35.0 0.74 1.561139484992e-08 0.021785 0.056526 0.357057 3028.402381 1.361674016947e-08 0.02186 0.056749 0.358467 3067.251227 
424 4 20 35.0 0.78 1.005222488567e-08 0.021129 0.05457 0.340782 2760.412407 8.877557033449e-09 0.021226 0.054859 0.342668 2805.353682 
445 4 21 35.0 0.82 6.327085207589e-09 0.020484 0.052654 0.324923 2509.969186 5.683034393628e-09 0.020597 0.05299 0.327117 2557.80496 
466 4 22 35.0 0.86 3.953508211272e-09 0.020013 0.051258 0.313104 2333.352197 3.64287275161e-09 0.020142 0.05164 0.315583 2384.371469 
487 4 23 35.0 0.9 2.392532762534e-09 0.01955 0.049888 0.30146 2168.738574 2.277333768278e-09 0.019683 0.050281 0.303961 2218.820646 
508 4 24 35.0 0.94 1.425867446935e-09 0.019241 0.048977 0.293275 2056.401965 1.43112451978e-09 0.019379 0.049384 0.295835 2105.902785 
529 4 25 35.0 0.98 8.215269237921e-10 0.018966 0.048165 0.285708 1958.617004 8.865539005373e-10 0.019099 0.048559 0.288142 2004.534345 
550 4 26 35.0 1.02 4.627583003189e-10 0.018774 0.047602 0.27967 1893.29811 5.551197485811e-10 0.0189 0.047972 0.281929 1935.553068 
571 4 27 35.0 1.06 2.443636770542e-10 0.01862 0.047147 0.274491 1833.906396 3.379884938585e-10 0.018739 0.047499 0.276654 1871.839025 
592 4 28 35.0 1.1 1.222383559782e-10 0.018474 0.046719 0.269401 1782.749129 2.028026182637e-10 0.01859 0.047061 0.271522 1817.570476 
613 4 29 35.0 1.14 5.529013676752e-11 0.018383 0.046453 0.26527 1747.959391 1.191629908568e-10 0.018482 0.046743 0.267109 1775.17257 
634 4 30 35.0 1.18 2.312415407193e-11 0.018325 0.046282 0.261869 1726.79037 7.14580744353e-11 0.018415 0.046545 0.263621 1749.065794 
299 5 14 45.0 0.54 1.062431087834e-07 0.026029 0.069276 0.454113 5377.871017 1.145535588566e-07 0.026052 0.069346 0.454596 5393.964113 
320 5 15 45.0 0.58 7.229699722095e-08 0.024981 0.066112 0.427885 4790.641352 7.645142489034e-08 0.024999 0.066167 0.428208 4804.105145 
341 5 16 45.0 0.62 5.263839529281e-08 0.024552 0.064821 0.415852 4604.672928 5.738047099637e-08 0.024576 0.064894 0.416249 4622.832207 
362 5 17 45.0 0.66 3.722774239078e-08 0.024146 0.063598 0.404304 4429.034348 4.223620872513e-08 0.024191 0.063733 0.405076 4461.479606 
383 5 18 45.0 0.7 2.588262065455e-08 0.02377 0.062469 0.393605 4253.924427 3.056945865268e-08 0.023831 0.062651 0.394643 4295.529275 
404 5 19 45.0 0.74 1.783457326922e-08 0.023435 0.061461 0.383955 4097.116443 2.200528050491e-08 0.023521 0.061721 0.385524 4152.886103 
425 5 20 45.0 0.78 1.198284871519e-08 0.023143 0.060586 0.375285 3955.161257 1.557420075401e-08 0.023257 0.060928 0.377389 4025.785506 
446 5 21 45.0 0.82 7.933858406695e-09 0.022912 0.059893 0.367867 3841.099077 1.103301314236e-08 0.023066 0.060354 0.37077 3932.127594 
467 5 22 45.0 0.86 5.147667077475e-09 0.022668 0.059164 0.36028 3714.360289 7.650927698983e-09 0.022864 0.059751 0.364021 3825.565289 
488 5 23 45.0 0.9 3.223143202244e-09 0.022465 0.058555 0.353487 3603.894788 5.238511601412e-09 0.022708 0.059282 0.358153 3736.708884 
509 5 24 45.0 0.94 1.947886994404e-09 0.022244 0.057895 0.346377 3481.805263 3.476344762128e-09 0.022536 0.05877 0.351973 3636.418586 
530 5 25 45.0 0.98 1.146301350912e-09 0.022095 0.057449 0.340738 3395.018801 2.315422136026e-09 0.022452 0.058517 0.347572 3578.720036 
551 5 26 45.0 1.02 6.53080625029e-10 0.021945 0.057002 0.335158 3304.049767 1.516630719545e-09 0.022353 0.058222 0.342938 3508.362936 
572 5 27 45.0 1.06 3.507611537287e-10 0.021814 0.056612 0.329978 3218.169941 9.994510061895e-10 0.022298 0.058056 0.339132 3454.349393 
593 5 28 45.0 1.1 1.731722151657e-10 0.021727 0.056352 0.325803 3147.75148 6.356970064091e-10 0.022247 0.057906 0.335587 3396.105847 
614 5 29 45.0 1.14 7.385765191084e-11 0.021544 0.055806 0.319585 3038.010208 3.780674643994e-10 0.022113 0.057504 0.33022 3299.892315 
635 5 30 45.0 1.18 3.600721937946e-11 0.021518 0.055729 0.316863 2989.573682 2.452062479225e-10 0.022106 0.057482 0.327845 3253.240963 
363 6 17 55.0 0.66 3.916228959855e-08 0.025922 0.068955 0.433988 5843.822698 6.32194200957e-08 0.025941 0.069012 0.434446 5856.684115 
384 6 18 55.0 0.7 3.109048832917e-08 0.025856 0.068756 0.430216 5799.033699 5.328483316762e-08 0.025876 0.068814 0.430637 5812.280305 
405 6 19 55.0 0.74 2.156698323204e-08 0.02564 0.068102 0.423392 5651.291658 3.864366720638e-08 0.025656 0.068151 0.423734 5660.968018 
426 6 20 55.0 0.78 1.536125680101e-08 0.025631 0.068076 0.420904 5728.933233 2.944845905402e-08 0.025639 0.0681 0.421053 5734.117736 
447 6 21 55.0 0.82 1.026134063229e-08 0.025734 0.068384 0.420403 5754.82648 2.20214636215e-08 0.025755 0.06845 0.420843 5769.659113 
468 6 22 55.0 0.86 6.969251076598e-09 0.025701 0.068284 0.417119 5762.161687 1.642214797205e-08 0.025715 0.068327 0.417391 5772.208463 
489 6 23 55.0 0.9 4.441475957707e-09 0.025739 0.0684 0.415123 5757.631908 1.187692456901e-08 0.025759 0.06846 0.41553 5769.8293 
510 6 24 55.0 0.94 2.83881329068e-09 0.026029 0.069278 0.418647 5932.518959 8.879582773716e-09 0.026052 0.069348 0.41911 5947.069589 
531 6 25 55.0 0.98 1.701841265791e-09 0.026251 0.069948 0.420304 6042.573546 6.352873446127e-09 0.026268 0.070001 0.420693 6046.980561 
552 6 26 55.0 1.02 1.077074203144e-09 0.026346 0.070235 0.418979 6030.999804 4.698985840216e-09 0.026359 0.070277 0.419176 6038.664077 
573 6 27 55.0 1.06 5.882286059217e-10 0.026556 0.070871 0.420015 6344.926643 3.082603281847e-09 0.026558 0.070877 0.420058 6348.594156 
