# Laget Cross Section Results at the Averaged Kinematics
# averaged kinematic varibles used as input to calculate the cross section
# kinematics: Ei, Q2, omega, th_pq_cm, phi_pq
#
#\ xb = th_nq
#\ yb = pm
# current header line:
#! i_b[i,0]/ i_x[i,1]/ i_y[i,2]/ xb[f,3]/ yb[f,4]/ pwiaXsec[f,5]/ pwiaGEp[f,6]/ pwiaGMp[f,7]/ pwia_sigMott[f,8]/ pwia_Ksig_cc1[f,9]/ fsiXsec[f,10]/ fsiGEp[f,11]/ fsiGMp[f,12]/ fsi_sigMott[f,13]/ fsi_Ksig_cc1[f,14]/ 
145 2 13 20.0 0.5 1.504240035369e-07 0.025831 0.068679 0.469322 4394.690959 1.072805497499e-07 0.025831 0.068679 0.469322 4394.700106 
156 2 14 20.0 0.54 9.878012121151e-08 0.02437 0.064274 0.431907 3750.243419 6.903951727593e-08 0.024373 0.064281 0.431964 3751.537255 
167 2 15 20.0 0.58 6.758596430699e-08 0.023351 0.06121 0.407146 3291.593141 4.610972294406e-08 0.023354 0.06122 0.407222 3293.295224 
178 2 16 20.0 0.62 4.577150977934e-08 0.022296 0.058052 0.3815 2877.997191 3.0677650249e-08 0.0223 0.058064 0.381593 2879.857078 
189 2 17 20.0 0.66 3.025791564544e-08 0.021252 0.054937 0.356704 2484.890897 1.991223699843e-08 0.021255 0.054946 0.356773 2486.104288 
200 2 18 20.0 0.7 1.980607470178e-08 0.020295 0.052093 0.334244 2159.329771 1.284214217515e-08 0.020297 0.0521 0.334303 2160.06823 
211 2 19 20.0 0.74 1.279895089852e-08 0.019467 0.049642 0.315101 1898.187645 8.193380832756e-09 0.019468 0.049648 0.315153 1898.578894 
222 2 20 20.0 0.78 8.254858290692e-09 0.018698 0.047376 0.297495 1674.274733 5.237135329949e-09 0.018699 0.04738 0.29754 1674.318184 
233 2 21 20.0 0.82 5.319122399988e-09 0.018181 0.045858 0.28584 1527.34324 3.379822760939e-09 0.018182 0.045861 0.285876 1527.157721 
244 2 22 20.0 0.86 3.450721374302e-09 0.017798 0.044737 0.277185 1420.726971 2.232603218249e-09 0.017799 0.044739 0.277217 1420.395775 
255 2 23 20.0 0.9 2.203608701421e-09 0.017505 0.043881 0.270275 1343.621699 1.490409066667e-09 0.017507 0.043885 0.270315 1343.476517 
266 2 24 20.0 0.94 1.335049983849e-09 0.01729 0.043254 0.264961 1283.347079 9.858192219707e-10 0.017291 0.043257 0.264986 1282.959851 
277 2 25 20.0 0.98 9.525192530214e-10 0.017152 0.042852 0.261683 1240.279986 7.753027545294e-10 0.017154 0.042856 0.261715 1240.548085 
146 3 13 30.0 0.5 1.374346330636e-07 0.02587 0.068795 0.463945 4765.659372 1.103544838611e-07 0.025853 0.068746 0.463463 4759.002664 
157 3 14 30.0 0.54 1.005922235938e-07 0.024793 0.065546 0.437029 4198.895196 7.847066062389e-08 0.024801 0.06557 0.43708 4208.843428 
168 3 15 30.0 0.58 7.092365993302e-08 0.024008 0.063183 0.417409 3840.97173 5.455332594786e-08 0.02402 0.063218 0.417539 3852.421195 
179 3 16 30.0 0.62 4.980068869307e-08 0.023316 0.061105 0.40023 3536.504941 3.801747533619e-08 0.02334 0.061177 0.400667 3552.898665 
190 3 17 30.0 0.66 3.381575080461e-08 0.022521 0.058724 0.38065 3200.316581 2.557310121295e-08 0.022553 0.058819 0.381254 3219.140687 
201 3 18 30.0 0.7 2.245400144893e-08 0.021709 0.056297 0.360787 2868.993947 1.686622111894e-08 0.021749 0.056418 0.361572 2889.963341 
212 3 19 30.0 0.74 1.449065673588e-08 0.020888 0.053853 0.341057 2554.487783 1.080466680052e-08 0.020937 0.054 0.342013 2577.294421 
223 3 20 30.0 0.78 9.212878683544e-09 0.020122 0.05158 0.322802 2279.369614 6.838237220536e-09 0.020175 0.051738 0.323813 2302.000429 
234 3 21 30.0 0.82 5.801714967548e-09 0.0195 0.049742 0.308076 2065.110972 4.329443127947e-09 0.019557 0.049911 0.309129 2087.388219 
245 3 22 30.0 0.86 3.6400585079e-09 0.019024 0.048338 0.296705 1906.212576 2.75014320539e-09 0.019081 0.048505 0.297728 1927.120539 
256 3 23 30.0 0.9 2.257345460323e-09 0.018637 0.047198 0.287318 1779.669566 1.751305656004e-09 0.018693 0.047363 0.2883 1798.817835 
267 3 24 30.0 0.94 1.356257292358e-09 0.018394 0.046485 0.280924 1695.837841 1.109253945686e-09 0.01845 0.046647 0.281932 1712.820912 
278 3 25 30.0 0.98 7.953488721146e-10 0.018232 0.04601 0.27621 1635.581171 7.043489524883e-10 0.018284 0.046161 0.277187 1649.289437 
289 3 26 30.0 1.02 4.408430274391e-10 0.018117 0.04567 0.272402 1582.087407 4.371621522335e-10 0.018164 0.045809 0.273366 1592.777022 
300 3 27 30.0 1.06 2.349831522905e-10 0.018022 0.045392 0.268837 1539.819221 2.674492693275e-10 0.018063 0.045512 0.269722 1546.767375 
311 3 28 30.0 1.1 1.158110975859e-10 0.017891 0.045009 0.264791 1484.166274 1.609220471358e-10 0.017923 0.045103 0.265545 1487.721549 
322 3 29 30.0 1.14 5.030873378915e-11 0.017894 0.045018 0.263263 1459.829995 1.00146377253e-10 0.017915 0.045078 0.263735 1461.70331 
333 3 30 30.0 1.18 2.2903495763e-11 0.017711 0.044482 0.257954 1409.013203 6.723466324981e-11 0.017735 0.044554 0.258644 1408.520604 
147 4 13 40.0 0.5 1.447199255545e-07 0.026321 0.070161 0.469326 5249.292922 1.332694874427e-07 0.026321 0.070161 0.469326 5249.279876 
158 4 14 40.0 0.54 1.025469683834e-07 0.025326 0.067154 0.442352 4775.433772 9.65446079806e-08 0.025351 0.067228 0.442806 4794.22024 
169 4 15 40.0 0.58 7.208316317075e-08 0.024603 0.064972 0.423507 4434.750928 6.808416980829e-08 0.02462 0.065024 0.423732 4449.828014 
180 4 16 40.0 0.62 5.184205021209e-08 0.024119 0.063516 0.410546 4222.708677 4.992442768226e-08 0.024147 0.063602 0.410939 4246.340994 
191 4 17 40.0 0.66 3.625774871912e-08 0.023607 0.06198 0.396927 3995.895086 3.558117243379e-08 0.023647 0.0621 0.397522 4025.953019 
202 4 18 40.0 0.7 2.490170303585e-08 0.023155 0.060622 0.384836 3788.949917 2.508234293235e-08 0.023218 0.060812 0.385898 3831.51777 
213 4 19 40.0 0.74 1.667048642638e-08 0.022647 0.059102 0.371369 3559.427925 1.728624685995e-08 0.022737 0.059369 0.372978 3613.155174 
224 4 20 40.0 0.78 1.100484967565e-08 0.022197 0.057755 0.359353 3353.28396 1.187144671658e-08 0.022317 0.058114 0.361601 3419.653859 
235 4 21 40.0 0.82 7.077443995734e-09 0.021721 0.056333 0.346747 3141.05639 7.964369742897e-09 0.021881 0.056811 0.349833 3222.144264 
246 4 22 40.0 0.86 4.474453382478e-09 0.021337 0.05519 0.336309 2973.989214 5.307233152194e-09 0.021533 0.055774 0.340107 3067.944541 
257 4 23 40.0 0.9 2.73373395393e-09 0.020923 0.053958 0.325357 2795.359207 3.451552906155e-09 0.021167 0.054684 0.330087 2905.060768 
268 4 24 40.0 0.94 1.630018201652e-09 0.0206 0.052998 0.316527 2653.131433 2.201968143541e-09 0.020875 0.053816 0.32181 2771.519243 
279 4 25 40.0 0.98 9.473872698254e-10 0.020351 0.052258 0.30902 2549.354351 1.406323710799e-09 0.020667 0.053198 0.315034 2680.865485 
290 4 26 40.0 1.02 5.295643621712e-10 0.020151 0.051668 0.302641 2464.447414 8.940767780359e-10 0.020509 0.052727 0.309354 2608.7561 
301 4 27 40.0 1.06 2.851505473226e-10 0.019999 0.051216 0.297287 2391.648998 5.583268402141e-10 0.020394 0.052388 0.304629 2548.039387 
312 4 28 40.0 1.1 1.435747516239e-10 0.019928 0.051007 0.293573 2347.455083 3.465650198236e-10 0.020385 0.05236 0.301962 2525.196792 
323 4 29 40.0 1.14 6.323927984988e-11 0.019844 0.050759 0.289381 2305.33837 2.100027545175e-10 0.020341 0.05223 0.298394 2495.84425 
334 4 30 40.0 1.18 2.899658453545e-11 0.019872 0.05084 0.287656 2294.593912 1.421091179749e-10 0.0204 0.052405 0.297225 2495.152111 
170 5 15 50.0 0.58 7.331412606571e-08 0.02576 0.068465 0.441134 5411.871088 9.036694861987e-08 0.025766 0.068482 0.441218 5416.61929 
181 5 16 50.0 0.62 5.467552867425e-08 0.025191 0.066746 0.425535 5122.095256 6.903645056712e-08 0.025203 0.066782 0.425768 5130.64965 
192 5 17 50.0 0.66 3.921291339803e-08 0.024856 0.065738 0.415582 4979.978539 5.166502300358e-08 0.024882 0.065815 0.416073 4998.353912 
203 5 18 50.0 0.7 2.714379111283e-08 0.024443 0.064491 0.403618 4767.006341 3.743421917542e-08 0.024485 0.064619 0.404459 4795.296772 
214 5 19 50.0 0.74 1.90816534809e-08 0.024244 0.063892 0.397248 4673.921318 2.751546448825e-08 0.024291 0.064033 0.398175 4703.987514 
225 5 20 50.0 0.78 1.301494928949e-08 0.024058 0.063335 0.39097 4576.02021 1.982540148634e-08 0.024115 0.063504 0.392089 4611.883421 
236 5 21 50.0 0.82 8.775327503439e-09 0.023925 0.062932 0.385809 4508.249037 1.426653688879e-08 0.02399 0.063128 0.387084 4548.729664 
247 5 22 50.0 0.86 5.762463603579e-09 0.023839 0.062677 0.381567 4453.989934 1.015318067004e-08 0.023919 0.062915 0.383117 4502.6301 
258 5 23 50.0 0.9 3.650736896264e-09 0.023724 0.062329 0.37661 4374.100557 7.032941424448e-09 0.02382 0.062618 0.378497 4430.755082 
269 5 24 50.0 0.94 2.239064192578e-09 0.023632 0.062052 0.372031 4301.991359 4.834366045347e-09 0.023745 0.062393 0.374239 4368.075123 
280 5 25 50.0 0.98 1.349444308308e-09 0.023632 0.062052 0.369493 4269.516544 3.355694757941e-09 0.02375 0.062409 0.371807 4337.07206 
291 5 26 50.0 1.02 7.82663773347e-10 0.023583 0.061908 0.365775 4216.374599 2.285389137542e-09 0.023705 0.062272 0.368107 4284.247301 
302 5 27 50.0 1.06 4.30569499226e-10 0.023627 0.062039 0.363886 4202.185312 1.548185252678e-09 0.023757 0.062429 0.366381 4273.244054 
313 5 28 50.0 1.1 2.143533302438e-10 0.023643 0.062087 0.361455 4164.050624 9.946292344024e-10 0.023766 0.062457 0.363811 4230.153002 
324 5 29 50.0 1.14 9.254301479072e-11 0.023728 0.062342 0.360281 4161.857349 6.132387445855e-10 0.023834 0.062659 0.362263 4216.10697 
335 5 30 50.0 1.18 4.634963662559e-11 0.023849 0.062707 0.360194 4173.214992 4.165039034403e-10 0.023945 0.062994 0.362051 4220.637738 
