# Laget Cross Section Results at the Averaged Kinematics
# averaged kinematic varibles used as input to calculate the cross section
# kinematics: Ei, Q2, omega, th_pq_cm, phi_pq
#
#\ xb = th_nq
#\ yb = pm
# current header line:
#! i_b[i,0]/ i_x[i,1]/ i_y[i,2]/ xb[f,3]/ yb[f,4]/ nx[f,5]/ ny[f,6]/ pwiaXsec[f,7]/ fsiXsec[f,8]/ 
21 1 1 10.0 0.02 18.0 30.0 0.001574978942901 0.001527267873454 
41 1 2 10.0 0.06 18.0 30.0 0.0004074025462756 0.0003929948236853 
61 1 3 10.0 0.1 18.0 30.0 7.253620865138e-05 6.876066908967e-05 
81 1 4 10.0 0.14 18.0 30.0 1.668538112248e-05 1.576678985767e-05 
101 1 5 10.0 0.18 18.0 30.0 4.823015529378e-06 4.562391392818e-06 
121 1 6 10.0 0.22 18.0 30.0 1.672546803835e-06 1.585426949454e-06 
141 1 7 10.0 0.26 18.0 30.0 7.164844918869e-07 6.698165908953e-07 
161 1 8 10.0 0.3 18.0 30.0 3.849876407914e-07 3.491744430148e-07 
22 2 1 20.0 0.02 18.0 30.0 0.001437005261352 0.00139222112869 
42 2 2 20.0 0.06 18.0 30.0 0.0003736184425574 0.0003580516523556 
62 2 3 20.0 0.1 18.0 30.0 8.023406688298e-05 7.599550035558e-05 
82 2 4 20.0 0.14 18.0 30.0 1.686622332129e-05 1.580523033556e-05 
102 2 5 20.0 0.18 18.0 30.0 4.882484473768e-06 4.574581279369e-06 
122 2 6 20.0 0.22 18.0 30.0 1.63225808697e-06 1.538812444546e-06 
142 2 7 20.0 0.26 18.0 30.0 6.434408125198e-07 6.025825622976e-07 
162 2 8 20.0 0.3 18.0 30.0 2.868232624161e-07 2.594363109845e-07 
182 2 9 20.0 0.34 18.0 30.0 1.519913572558e-07 1.286002786751e-07 
23 3 1 30.0 0.02 18.0 30.0 0.001505908798809 0.001458707847701 
43 3 2 30.0 0.06 18.0 30.0 0.0004134279559738 0.0003973002311614 
63 3 3 30.0 0.1 18.0 30.0 7.796868558685e-05 7.327487131812e-05 
83 3 4 30.0 0.14 18.0 30.0 1.812260124617e-05 1.674737073139e-05 
103 3 5 30.0 0.18 18.0 30.0 4.962227193592e-06 4.584682494028e-06 
123 3 6 30.0 0.22 18.0 30.0 1.681838188752e-06 1.56749560979e-06 
143 3 7 30.0 0.26 18.0 30.0 6.358053713316e-07 5.969512516258e-07 
163 3 8 30.0 0.3 18.0 30.0 2.848710847594e-07 2.658805841127e-07 
183 3 9 30.0 0.34 18.0 30.0 1.446373188124e-07 1.310048998185e-07 
203 3 10 30.0 0.38 18.0 30.0 8.63650385175e-08 7.521944939322e-08 
223 3 11 30.0 0.42 18.0 30.0 5.463323500935e-08 4.572720829774e-08 
24 4 1 40.0 0.02 18.0 30.0 0.001710416617427 0.001660707730694 
44 4 2 40.0 0.06 18.0 30.0 0.0004352559414823 0.0004148907387461 
64 4 3 40.0 0.1 18.0 30.0 8.205912170804e-05 7.658815986694e-05 
84 4 4 40.0 0.14 18.0 30.0 1.921001770881e-05 1.747658257881e-05 
104 4 5 40.0 0.18 18.0 30.0 5.581837149662e-06 5.045100509778e-06 
124 4 6 40.0 0.22 18.0 30.0 1.829366822078e-06 1.667510209509e-06 
144 4 7 40.0 0.26 18.0 30.0 6.885087451784e-07 6.407833266873e-07 
164 4 8 40.0 0.3 18.0 30.0 3.045321726481e-07 2.939961200988e-07 
184 4 9 40.0 0.34 18.0 30.0 1.53655685557e-07 1.528599092806e-07 
204 4 10 40.0 0.38 18.0 30.0 8.801899890061e-08 8.886102017864e-08 
224 4 11 40.0 0.42 18.0 30.0 5.723066250264e-08 5.876879924906e-08 
244 4 12 40.0 0.46 18.0 30.0 3.992465373328e-08 4.18624678081e-08 
264 4 13 40.0 0.5 18.0 30.0 2.901558031489e-08 3.117864082594e-08 
284 4 14 40.0 0.54 18.0 30.0 2.064973446786e-08 2.25680944503e-08 
304 4 15 40.0 0.58 18.0 30.0 1.518077927627e-08 1.728618722693e-08 
324 4 16 40.0 0.62 18.0 30.0 1.144008917214e-08 1.341797259238e-08 
25 5 1 50.0 0.02 18.0 30.0 0.001660320469788 0.001610790182273 
45 5 2 50.0 0.06 18.0 30.0 0.0004982993895051 0.0004799713035969 
65 5 3 50.0 0.1 18.0 30.0 9.332204357904e-05 8.636662261595e-05 
85 5 4 50.0 0.14 18.0 30.0 2.118910313209e-05 1.881467243718e-05 
105 5 5 50.0 0.18 18.0 30.0 6.089614403128e-06 5.239392020287e-06 
125 5 6 50.0 0.22 18.0 30.0 2.059943066074e-06 1.757929901401e-06 
145 5 7 50.0 0.26 18.0 30.0 7.877332959857e-07 6.989190253845e-07 
165 5 8 50.0 0.3 18.0 30.0 3.433887851298e-07 3.301441948106e-07 
185 5 9 50.0 0.34 18.0 30.0 1.752213314522e-07 1.882614607483e-07 
205 5 10 50.0 0.38 18.0 30.0 1.007923972685e-07 1.206227940246e-07 
225 5 11 50.0 0.42 18.0 30.0 6.550132606219e-08 8.538078201312e-08 
245 5 12 50.0 0.46 18.0 30.0 4.567803598434e-08 6.319888861069e-08 
265 5 13 50.0 0.5 18.0 30.0 3.285822334333e-08 4.786896818957e-08 
285 5 14 50.0 0.54 18.0 30.0 2.38892717169e-08 3.642771995251e-08 
305 5 15 50.0 0.58 18.0 30.0 1.78682771274e-08 2.881707222178e-08 
325 5 16 50.0 0.62 18.0 30.0 1.329521425011e-08 2.274119515019e-08 
345 5 17 50.0 0.66 18.0 30.0 9.926964693836e-09 1.743867865437e-08 
365 5 18 50.0 0.7 18.0 30.0 7.733362701491e-09 1.33596723881e-08 
26 6 1 60.0 0.02 18.0 30.0 0.001568457651041 0.001522235084338 
46 6 2 60.0 0.06 18.0 30.0 0.0005599240162452 0.0005400000251421 
66 6 3 60.0 0.1 18.0 30.0 0.0001045039154788 9.632673332301e-05 
86 6 4 60.0 0.14 18.0 30.0 2.448377494752e-05 2.135343511746e-05 
106 6 5 60.0 0.18 18.0 30.0 6.671164342429e-06 5.406771165527e-06 
126 6 6 60.0 0.22 18.0 30.0 2.199028120766e-06 1.690406932375e-06 
146 6 7 60.0 0.26 18.0 30.0 8.222724945323e-07 6.393045437071e-07 
166 6 8 60.0 0.3 18.0 30.0 3.850080474473e-07 3.399964540728e-07 
186 6 9 60.0 0.34 18.0 30.0 2.040247528648e-07 2.2039984832e-07 
206 6 10 60.0 0.38 18.0 30.0 1.223828121549e-07 1.642875540792e-07 
226 6 11 60.0 0.42 18.0 30.0 8.141126649267e-08 1.333511731341e-07 
246 6 12 60.0 0.46 18.0 30.0 5.7159468715e-08 1.103745024235e-07 
266 6 13 60.0 0.5 18.0 30.0 4.144473813861e-08 9.15261490779e-08 
286 6 14 60.0 0.54 18.0 30.0 3.065708510661e-08 7.682736056583e-08 
306 6 15 60.0 0.58 18.0 30.0 2.279443748658e-08 6.323418147173e-08 
326 6 16 60.0 0.62 18.0 30.0 1.685506624973e-08 5.033877948237e-08 
346 6 17 60.0 0.66 18.0 30.0 1.223565726632e-08 4.085817521839e-08 
366 6 18 60.0 0.7 18.0 30.0 9.490544463155e-09 3.296223523945e-08 
27 7 1 70.0 0.02 18.0 30.0 0.001679459702879 0.001626858494538 
47 7 2 70.0 0.06 18.0 30.0 0.00055619346482 0.0005348207920289 
67 7 3 70.0 0.1 18.0 30.0 0.000115029534216 0.0001060695727387 
87 7 4 70.0 0.14 18.0 30.0 2.56012164693e-05 2.16422693844e-05 
107 7 5 70.0 0.18 18.0 30.0 7.078715143251e-06 5.235421244814e-06 
127 7 6 70.0 0.22 18.0 30.0 2.350497604403e-06 1.478283539218e-06 
147 7 7 70.0 0.26 18.0 30.0 9.620220528807e-07 5.816867432322e-07 
167 7 8 70.0 0.3 18.0 30.0 4.53306508722e-07 3.212860583337e-07 
187 7 9 70.0 0.34 18.0 30.0 2.392253982492e-07 2.418715875304e-07 
207 7 10 70.0 0.38 18.0 30.0 1.450374524602e-07 2.142416671273e-07 
227 7 11 70.0 0.42 18.0 30.0 9.637236625759e-08 1.954676445041e-07 
247 7 12 70.0 0.46 18.0 30.0 6.902046244416e-08 1.756400852388e-07 
267 7 13 70.0 0.5 18.0 30.0 5.117525561866e-08 1.501138237816e-07 
287 7 14 70.0 0.54 18.0 30.0 3.887488695052e-08 1.222172123041e-07 
307 7 15 70.0 0.58 18.0 30.0 2.943460077727e-08 9.229299282996e-08 
327 7 16 70.0 0.62 18.0 30.0 2.257846587887e-08 6.690841578157e-08 
347 7 17 70.0 0.66 18.0 30.0 1.690504318267e-08 4.575783890944e-08 
367 7 18 70.0 0.7 18.0 30.0 1.327982097749e-08 3.138898751407e-08 
387 7 19 70.0 0.74 18.0 30.0 9.286394755827e-09 1.996841644307e-08 
28 8 1 80.0 0.02 18.0 30.0 0.001799054074966 0.001743700454272 
48 8 2 80.0 0.06 18.0 30.0 0.0005907344574211 0.0005640854092313 
68 8 3 80.0 0.1 18.0 30.0 0.0001186969908144 0.0001076771638828 
88 8 4 80.0 0.14 18.0 30.0 2.77370497909e-05 2.283505913896e-05 
108 8 5 80.0 0.18 18.0 30.0 7.599014085426e-06 5.225753625065e-06 
128 8 6 80.0 0.22 18.0 30.0 2.713803645197e-06 1.490126695097e-06 
148 8 7 80.0 0.26 18.0 30.0 1.12605908686e-06 5.770890772396e-07 
168 8 8 80.0 0.3 18.0 30.0 5.257397701541e-07 3.492619526536e-07 
188 8 9 80.0 0.34 18.0 30.0 2.838162227474e-07 2.879171212065e-07 
208 8 10 80.0 0.38 18.0 30.0 1.75008583416e-07 2.543202592072e-07 
228 8 11 80.0 0.42 18.0 30.0 1.181120333414e-07 2.181837413155e-07 
248 8 12 80.0 0.46 18.0 30.0 8.44306469984e-08 1.779679076567e-07 
268 8 13 80.0 0.5 18.0 30.0 6.403714413149e-08 1.40709944665e-07 
288 8 14 80.0 0.54 18.0 30.0 4.864050657439e-08 1.065986000775e-07 
308 8 15 80.0 0.58 18.0 30.0 3.910740224575e-08 8.016258867655e-08 
328 8 16 80.0 0.62 18.0 30.0 3.116646171455e-08 5.947509305703e-08 
29 9 1 90.0 0.02 18.0 30.0 0.001887519175965 0.001830151879883 
49 9 2 90.0 0.06 18.0 30.0 0.0006446239118698 0.0006168024729893 
69 9 3 90.0 0.1 18.0 30.0 0.0001221143201558 0.00011145892254 
89 9 4 90.0 0.14 18.0 30.0 2.972678708067e-05 2.476400931501e-05 
109 9 5 90.0 0.18 18.0 30.0 8.565039742235e-06 6.201016634177e-06 
129 9 6 90.0 0.22 18.0 30.0 3.100813990674e-06 1.987964944549e-06 
149 9 7 90.0 0.26 18.0 30.0 1.287735165236e-06 8.14259819186e-07 
169 9 8 90.0 0.3 18.0 30.0 6.183802130518e-07 4.783519083303e-07 
189 9 9 90.0 0.34 18.0 30.0 3.448863889838e-07 3.504892517661e-07 
209 9 10 90.0 0.38 18.0 30.0 2.284243540319e-07 2.906529764997e-07 
30 10 1 100.0 0.02 18.0 30.0 0.001894153699044 0.001843111715527 
50 10 2 100.0 0.06 18.0 30.0 0.0007257212281927 0.0006999938415396 
70 10 3 100.0 0.1 18.0 30.0 0.000136528283647 0.0001262150596408 
90 10 4 100.0 0.14 18.0 30.0 3.597844042458e-05 3.093841736537e-05 
110 10 5 100.0 0.18 18.0 30.0 1.16537109971e-05 9.264630072e-06 
130 10 6 100.0 0.22 18.0 30.0 3.88847963162e-06 2.933663401772e-06 
31 11 1 110.0 0.02 18.0 30.0 0.002315072194427 0.002257496337069 
51 11 2 110.0 0.06 18.0 30.0 0.0008275069201368 0.0007989188252712 
71 11 3 110.0 0.1 18.0 30.0 0.0001497555539487 0.0001391339736573 
91 11 4 110.0 0.14 18.0 30.0 2.296342419768e-05 1.995794129142e-05 
32 12 1 120.0 0.02 18.0 30.0 0.003043117836697 0.002979168067825 
52 12 2 120.0 0.06 18.0 30.0 0.001163347904122 0.001124588290762 
