        
#This file contains combined Reduced Cross Sections from all data sets of the same kinematic bin. pm80 + pm580 (sets 1 and 2) +  pm750 (sets 1, 2 and 3)                                                                                                                                                                                           
#\ xb = th_nq                                                                                                    
#\ yb = pm                                                                        
#relative errors df/f=dsig/sig: kin_syst_tot (kinematic systematics),  norm_syst_tot (constant, norm. syst.)
# current header line:  
#! i_b[i,0]/ i_x[i,1]/ i_y[i,2]/ xb[f,3]/ yb[f,4]/  pm_avg[f,5]/  kin_syst_tot[f,6]/  norm_syst_tot[f,7]/  tot_syst_err[f,8]/  tot_stats_err[f,9]/  tot_err[f,10]/   red_dataXsec_avg[f,11]/   red_dataXsec_avg_err[f,12]/  red_dataXsec_avg_syst_err[f,13]/   red_dataXsec_avg_tot_err[f,14]/  red_pwiaXsec_avg[f,15]/ red_fsiXsec_avg[f,16]/  
22  1  1  5.000000   0.020000   0.030269   0.034026   0.037318   0.050502   0.332328   0.336143   8.183485755617e-07  2.719599114438e-07  4.132798736582e-08  2.750821622211e-07  7.027881476832e-07  6.544648164830e-07 
43  1  2  5.000000   0.060000   0.053978   0.051754   0.037318   0.063806   0.223768   0.232687   2.669094539261e-07  5.972579021816e-08  1.703030706623e-08  6.210637146021e-08  2.340688975486e-07  2.253977875404e-07 
64  1  3  5.000000   0.100000   0.084534   0.057792   0.037318   0.068793   0.512259   0.516858   1.074811466151e-07  5.505822786496e-08  7.393969735511e-09  5.555249088996e-08  6.278589557461e-08  6.044929913522e-08 
85  1  4  5.000000   0.140000   nan   nan   0.037318   nan   nan   nan   nan  nan  nan  nan  nan  nan 
106  1  5  5.000000   0.180000   nan   nan   0.037318   nan   nan   nan   nan  nan  nan  nan  nan  nan 
127  1  6  5.000000   0.220000   nan   nan   0.037318   nan   nan   nan   nan  nan  nan  nan  nan  nan 
148  1  7  5.000000   0.260000   nan   nan   0.037318   nan   nan   nan   nan  nan  nan  nan  nan  nan 
169  1  8  5.000000   0.300000   nan   nan   0.037318   nan   nan   nan   nan  nan  nan  nan  nan  nan 
190  1  9  5.000000   0.340000   nan   nan   0.037318   nan   nan   nan   nan  nan  nan  nan  nan  nan 
211  1  10  5.000000   0.380000   nan   nan   0.037318   nan   nan   nan   nan  nan  nan  nan  nan  nan 
232  1  11  5.000000   0.420000   nan   nan   0.037318   nan   nan   nan   nan  nan  nan  nan  nan  nan 
253  1  12  5.000000   0.460000   nan   nan   0.037318   nan   nan   nan   nan  nan  nan  nan  nan  nan 
274  1  13  5.000000   0.500000   nan   nan   0.037318   nan   nan   nan   nan  nan  nan  nan  nan  nan 
295  1  14  5.000000   0.540000   nan   nan   0.037318   nan   nan   nan   nan  nan  nan  nan  nan  nan 
316  1  15  5.000000   0.580000   nan   nan   0.037318   nan   nan   nan   nan  nan  nan  nan  nan  nan 
337  1  16  5.000000   0.620000   nan   nan   0.037318   nan   nan   nan   nan  nan  nan  nan  nan  nan 
358  1  17  5.000000   0.660000   nan   nan   0.037318   nan   nan   nan   nan  nan  nan  nan  nan  nan 
379  1  18  5.000000   0.700000   nan   nan   0.037318   nan   nan   nan   nan  nan  nan  nan  nan  nan 
400  1  19  5.000000   0.740000   nan   nan   0.037318   nan   nan   nan   nan  nan  nan  nan  nan  nan 
421  1  20  5.000000   0.780000   nan   nan   0.037318   nan   nan   nan   nan  nan  nan  nan  nan  nan 
442  1  21  5.000000   0.820000   nan   nan   0.037318   nan   nan   nan   nan  nan  nan  nan  nan  nan 
463  1  22  5.000000   0.860000   nan   nan   0.037318   nan   nan   nan   nan  nan  nan  nan  nan  nan 
484  1  23  5.000000   0.900000   nan   nan   0.037318   nan   nan   nan   nan  nan  nan  nan  nan  nan 
505  1  24  5.000000   0.940000   nan   nan   0.037318   nan   nan   nan   nan  nan  nan  nan  nan  nan 
526  1  25  5.000000   0.980000   nan   nan   0.037318   nan   nan   nan   nan  nan  nan  nan  nan  nan 
547  1  26  5.000000   1.020000   nan   nan   0.037318   nan   nan   nan   nan  nan  nan  nan  nan  nan 
568  1  27  5.000000   1.060000   nan   nan   0.037318   nan   nan   nan   nan  nan  nan  nan  nan  nan 
589  1  28  5.000000   1.100000   nan   nan   0.037318   nan   nan   nan   nan  nan  nan  nan  nan  nan 
610  1  29  5.000000   1.140000   nan   nan   0.037318   nan   nan   nan   nan  nan  nan  nan  nan  nan 
631  1  30  5.000000   1.180000   nan   nan   0.037318   nan   nan   nan   nan  nan  nan  nan  nan  nan 
23  2  1  15.000000   0.020000   0.029582   0.036102   0.037318   0.051923   0.189051   0.196052   7.348393010238e-07  1.389221399257e-07  3.815491972591e-08  1.440665084634e-07  7.095000714666e-07  6.743504694816e-07 
44  2  2  15.000000   0.060000   0.053966   0.054559   0.037318   0.066101   0.130055   0.145889   2.797794572148e-07  3.638672462282e-08  1.849368445868e-08  4.081678690973e-08  2.479825176018e-07  2.311092335366e-07 
65  2  3  15.000000   0.100000   0.088407   0.068337   0.037318   0.077863   0.244883   0.256964   1.041233437817e-07  2.549806375587e-08  8.107336916346e-09  2.675593704533e-08  5.392571258620e-08  5.355900587075e-08 
86  2  4  15.000000   0.140000   nan   nan   0.037318   nan   nan   nan   nan  nan  nan  nan  nan  nan 
107  2  5  15.000000   0.180000   nan   nan   0.037318   nan   nan   nan   nan  nan  nan  nan  nan  nan 
128  2  6  15.000000   0.220000   nan   nan   0.037318   nan   nan   nan   nan  nan  nan  nan  nan  nan 
149  2  7  15.000000   0.260000   nan   nan   0.037318   nan   nan   nan   nan  nan  nan  nan  nan  nan 
170  2  8  15.000000   0.300000   nan   nan   0.037318   nan   nan   nan   nan  nan  nan  nan  nan  nan 
191  2  9  15.000000   0.340000   nan   nan   0.037318   nan   nan   nan   nan  nan  nan  nan  nan  nan 
212  2  10  15.000000   0.380000   0.393371   nan   0.037318   nan   nan   nan   nan  nan  nan  nan  5.148625860301e-11  3.801126743126e-11 
233  2  11  15.000000   0.420000   0.420264   nan   0.037318   nan   nan   nan   nan  nan  nan  nan  3.688366333656e-11  2.811812676947e-11 
254  2  12  15.000000   0.460000   0.453830   nan   0.037318   nan   nan   nan   nan  nan  nan  nan  2.875716415060e-11  1.986179820770e-11 
275  2  13  15.000000   0.500000   0.483779   nan   0.037318   nan   nan   nan   nan  nan  nan  nan  2.071144569720e-11  1.520484746375e-11 
296  2  14  15.000000   0.540000   nan   nan   0.037318   nan   nan   nan   nan  nan  nan  nan  nan  nan 
317  2  15  15.000000   0.580000   nan   nan   0.037318   nan   nan   nan   nan  nan  nan  nan  nan  nan 
338  2  16  15.000000   0.620000   nan   nan   0.037318   nan   nan   nan   nan  nan  nan  nan  nan  nan 
359  2  17  15.000000   0.660000   nan   nan   0.037318   nan   nan   nan   nan  nan  nan  nan  nan  nan 
380  2  18  15.000000   0.700000   nan   nan   0.037318   nan   nan   nan   nan  nan  nan  nan  nan  nan 
401  2  19  15.000000   0.740000   nan   nan   0.037318   nan   nan   nan   nan  nan  nan  nan  nan  nan 
422  2  20  15.000000   0.780000   nan   nan   0.037318   nan   nan   nan   nan  nan  nan  nan  nan  nan 
443  2  21  15.000000   0.820000   nan   nan   0.037318   nan   nan   nan   nan  nan  nan  nan  nan  nan 
464  2  22  15.000000   0.860000   nan   nan   0.037318   nan   nan   nan   nan  nan  nan  nan  nan  nan 
485  2  23  15.000000   0.900000   nan   nan   0.037318   nan   nan   nan   nan  nan  nan  nan  nan  nan 
506  2  24  15.000000   0.940000   nan   nan   0.037318   nan   nan   nan   nan  nan  nan  nan  nan  nan 
527  2  25  15.000000   0.980000   nan   nan   0.037318   nan   nan   nan   nan  nan  nan  nan  nan  nan 
548  2  26  15.000000   1.020000   nan   nan   0.037318   nan   nan   nan   nan  nan  nan  nan  nan  nan 
569  2  27  15.000000   1.060000   nan   nan   0.037318   nan   nan   nan   nan  nan  nan  nan  nan  nan 
590  2  28  15.000000   1.100000   nan   nan   0.037318   nan   nan   nan   nan  nan  nan  nan  nan  nan 
611  2  29  15.000000   1.140000   nan   nan   0.037318   nan   nan   nan   nan  nan  nan  nan  nan  nan 
632  2  30  15.000000   1.180000   nan   nan   0.037318   nan   nan   nan   nan  nan  nan  nan  nan  nan 
24  3  1  25.000000   0.020000   0.030692   0.034094   0.037318   0.050547   0.142938   0.151612   6.792166925078e-07  9.708569657245e-08  3.433264359004e-08  1.029774873205e-07  7.037441110552e-07  6.486064921501e-07 
45  3  2  25.000000   0.060000   0.055623   0.057025   0.037318   0.068150   0.092810   0.115144   2.510236001680e-07  2.329743235621e-08  1.710737659661e-08  2.890385248389e-08  2.325187904400e-07  2.209261252515e-07 
66  3  3  25.000000   0.100000   0.090834   0.073629   0.037318   0.082546   0.149270   0.170574   6.533783743013e-08  9.752961358820e-09  5.393403761827e-09  1.114491181682e-08  5.146242238152e-08  4.996054639795e-08 
87  3  4  25.000000   0.140000   0.122813   0.070175   0.037318   0.079481   0.560120   0.565731   3.092896994015e-08  1.732392344145e-08  2.458259772862e-09  1.749746737434e-08  1.491837591848e-08  1.467230130922e-08 
108  3  5  25.000000   0.180000   nan   nan   0.037318   nan   nan   nan   nan  nan  nan  nan  nan  nan 
129  3  6  25.000000   0.220000   nan   nan   0.037318   nan   nan   nan   nan  nan  nan  nan  nan  nan 
150  3  7  25.000000   0.260000   nan   nan   0.037318   nan   nan   nan   nan  nan  nan  nan  nan  nan 
171  3  8  25.000000   0.300000   0.314249   nan   0.037318   nan   nan   nan   nan  nan  nan  nan  1.364639711842e-10  1.283369045946e-10 
192  3  9  25.000000   0.340000   0.345235   nan   0.037318   nan   nan   nan   nan  nan  nan  nan  8.691382283149e-11  7.982415864713e-11 
213  3  10  25.000000   0.380000   0.382910   0.004822   0.037318   0.037628   0.619536   0.620678   1.449752062582e-11  8.981741775625e-12  5.455165980653e-13  8.998292820461e-12  5.578587434383e-11  4.789041873543e-11 
234  3  11  25.000000   0.420000   0.421852   0.004325   0.037318   0.037568   0.378737   0.380596   1.632610290455e-11  6.183299127686e-12  6.133365089657e-13  6.213643840427e-12  3.511886369027e-11  3.087192440837e-11 
255  3  12  25.000000   0.460000   0.462324   0.005517   0.037318   0.037724   0.433201   0.434841   1.125548953441e-11  4.875890451728e-12  4.245973115866e-13  4.894342711157e-12  2.597493118899e-11  2.085629025732e-11 
276  3  13  25.000000   0.500000   0.499379   0.005699   0.037318   0.037751   0.606518   0.607692   1.213033118900e-11  7.357265293890e-12  4.579276132400e-13  7.371502581132e-12  1.941780900923e-11  1.495036407212e-11 
297  3  14  25.000000   0.540000   0.536724   0.003450   0.037318   0.037477   0.710952   0.711939   3.915311174543e-11  2.783598673666e-11  1.467347770519e-12  2.787463483318e-11  1.458382612034e-11  1.091484276955e-11 
318  3  15  25.000000   0.580000   0.574057   0.003438   0.037318   0.037476   1.003850   1.004549   5.393160073051e-12  5.413923129864e-12  2.021140217801e-13  5.417694503557e-12  1.089035728094e-11  7.984115116614e-12 
339  3  16  25.000000   0.620000   0.610809   nan   0.037318   nan   nan   nan   nan  nan  nan  nan  7.949525287039e-12  5.796611195436e-12 
360  3  17  25.000000   0.660000   0.651872   nan   0.037318   nan   nan   nan   nan  nan  nan  nan  5.883429465777e-12  4.227074070984e-12 
381  3  18  25.000000   0.700000   0.696659   nan   0.037318   nan   nan   nan   nan  nan  nan  nan  4.263160177047e-12  2.888882235986e-12 
402  3  19  25.000000   0.740000   nan   nan   0.037318   nan   nan   nan   nan  nan  nan  nan  nan  nan 
423  3  20  25.000000   0.780000   nan   nan   0.037318   nan   nan   nan   nan  nan  nan  nan  nan  nan 
444  3  21  25.000000   0.820000   nan   nan   0.037318   nan   nan   nan   nan  nan  nan  nan  nan  nan 
465  3  22  25.000000   0.860000   nan   nan   0.037318   nan   nan   nan   nan  nan  nan  nan  nan  nan 
486  3  23  25.000000   0.900000   nan   nan   0.037318   nan   nan   nan   nan  nan  nan  nan  nan  nan 
507  3  24  25.000000   0.940000   nan   nan   0.037318   nan   nan   nan   nan  nan  nan  nan  nan  nan 
528  3  25  25.000000   0.980000   nan   nan   0.037318   nan   nan   nan   nan  nan  nan  nan  nan  nan 
549  3  26  25.000000   1.020000   nan   nan   0.037318   nan   nan   nan   nan  nan  nan  nan  nan  nan 
570  3  27  25.000000   1.060000   nan   nan   0.037318   nan   nan   nan   nan  nan  nan  nan  nan  nan 
591  3  28  25.000000   1.100000   nan   nan   0.037318   nan   nan   nan   nan  nan  nan  nan  nan  nan 
612  3  29  25.000000   1.140000   nan   nan   0.037318   nan   nan   nan   nan  nan  nan  nan  nan  nan 
633  3  30  25.000000   1.180000   nan   nan   0.037318   nan   nan   nan   nan  nan  nan  nan  nan  nan 
25  4  1  35.000000   0.020000   0.029814   0.027733   0.037318   0.046495   0.127041   0.135282   7.378995530729e-07  9.374328690876e-08  3.430845240076e-08  9.982421422978e-08  6.783877909423e-07  6.804371078606e-07 
46  4  2  35.000000   0.060000   0.056557   0.055966   0.037318   0.067267   0.075491   0.101113   2.541955356807e-07  1.918948256593e-08  1.709900550532e-08  2.570237791371e-08  2.293834102856e-07  2.213888502254e-07 
67  4  3  35.000000   0.100000   0.092448   0.074808   0.037318   0.083599   0.097821   0.128677   6.142965632762e-08  6.009111720515e-09  5.135487862600e-09  7.904597349425e-09  4.890917193975e-08  4.737015197759e-08 
88  4  4  35.000000   0.140000   0.128703   0.071757   0.037318   0.080881   0.258355   0.270719   1.498371252942e-08  3.871111849750e-09  1.211893947833e-09  4.056376941813e-09  1.435481079699e-08  1.254375445238e-08 
109  4  5  35.000000   0.180000   nan   nan   0.037318   nan   nan   nan   nan  nan  nan  nan  4.888530152173e-09  nan 
130  4  6  35.000000   0.220000   nan   nan   0.037318   nan   nan   nan   nan  nan  nan  nan  nan  nan 
151  4  7  35.000000   0.260000   nan   nan   0.037318   nan   nan   nan   nan  nan  nan  nan  nan  nan 
172  4  8  35.000000   0.300000   0.314657   0.008545   0.037318   0.038284   1.062087   1.062777   2.381731154623e-10  2.529606005136e-10  9.118198739508e-12  2.531248841194e-10  1.357527784238e-10  1.317698393641e-10 
193  4  9  35.000000   0.340000   0.345399   0.010729   0.037318   0.038830   0.365006   0.367065   3.796547053170e-11  1.385762004581e-11  1.474188687767e-12  1.393581234164e-11  8.674554207162e-11  8.404669383921e-11 
214  4  10  35.000000   0.380000   0.381915   0.009276   0.037318   0.038454   0.201965   0.205593   2.694006426689e-11  5.440942514594e-12  1.035942997907e-12  5.538685163649e-12  5.572300743888e-11  5.376973109017e-11 
235  4  11  35.000000   0.420000   0.426973   0.012225   0.037318   0.039269   0.186258   0.190353   1.418301279916e-11  2.641702853056e-12  5.569596250798e-13  2.699777395974e-12  3.541812815417e-11  3.359385648060e-11 
256  4  12  35.000000   0.460000   0.461980   0.011593   0.037318   0.039077   0.154959   0.159810   1.196777404128e-11  1.854508808316e-12  4.676672839614e-13  1.912567804970e-12  2.612120225752e-11  2.447616693365e-11 
277  4  13  35.000000   0.500000   0.500007   0.012804   0.037318   0.039453   0.192264   0.196270   5.161897269428e-12  9.924448004167e-13  2.036542419125e-13  1.013124736705e-12  1.920620344139e-11  1.777457046440e-11 
298  4  14  35.000000   0.540000   0.538954   0.012820   0.037318   0.039459   0.163502   0.168196   5.538461585514e-12  9.055491824890e-13  2.185408531351e-13  9.315467923811e-13  1.420780569847e-11  1.303909741288e-11 
319  4  15  35.000000   0.580000   0.577994   0.012987   0.037318   0.039513   0.179917   0.184205   3.985045735264e-12  7.169775186121e-13  1.574614964796e-13  7.340646327598e-13  1.051961065554e-11  9.656377073461e-12 
340  4  16  35.000000   0.620000   0.617521   0.011791   0.037318   0.039136   0.198381   0.202204   3.668132388335e-12  7.276870711658e-13  1.435577785989e-13  7.417124168693e-13  7.738178875849e-12  7.160885050239e-12 
361  4  17  35.000000   0.660000   0.656754   0.012581   0.037318   0.039382   0.275977   0.278773   2.598711399397e-12  7.171856252954e-13  1.023415960498e-13  7.244508426473e-13  5.616808252770e-12  5.311046270894e-12 
382  4  18  35.000000   0.700000   0.696530   0.010826   0.037318   0.038857   0.361011   0.363096   3.318289433466e-12  1.197938503089e-12  1.289372056726e-13  1.204857443929e-12  4.052953920871e-12  3.914504399559e-12 
403  4  19  35.000000   0.740000   0.735417   0.007794   0.037318   0.038123   0.449542   0.451155   4.972781579616e-12  2.235472474758e-12  1.895784490247e-13  2.243496640010e-12  2.868153171014e-12  2.889007685341e-12 
424  4  20  35.000000   0.780000   0.776209   0.008061   0.037318   0.038179   1.002143   1.002870   2.159097484314e-12  2.163725013026e-12  8.243152686692e-14  2.165294642448e-12  1.988899558190e-12  2.083649697916e-12 
445  4  21  35.000000   0.820000   0.816332   nan   0.037318   nan   nan   nan   nan  nan  nan  nan  1.337056897048e-12  1.467879700567e-12 
466  4  22  35.000000   0.860000   0.858625   nan   0.037318   nan   nan   nan   nan  nan  nan  nan  8.940112375619e-13  1.034273884460e-12 
487  4  23  35.000000   0.900000   0.899098   nan   0.037318   nan   nan   nan   nan  nan  nan  nan  5.790784772489e-13  7.252807831240e-13 
508  4  24  35.000000   0.940000   0.935573   0.010752   0.037318   0.038836   1.072394   1.073097   1.120943460237e-10  1.202092755005e-10  4.353314925119e-12  1.202880761638e-10  3.715401384793e-13  5.063657590373e-13 
529  4  25  35.000000   0.980000   0.975329   nan   0.037318   nan   nan   nan   nan  nan  nan  nan  nan  3.383733681531e-13 
550  4  26  35.000000   1.020000   1.017760   nan   0.037318   nan   nan   nan   nan  nan  nan  nan  nan  nan 
571  4  27  35.000000   1.060000   1.060387   nan   0.037318   nan   nan   nan   nan  nan  nan  nan  nan  nan 
592  4  28  35.000000   1.100000   1.091064   nan   0.037318   nan   nan   nan   nan  nan  nan  nan  nan  nan 
613  4  29  35.000000   1.140000   nan   nan   0.037318   nan   nan   nan   nan  nan  nan  nan  nan  nan 
634  4  30  35.000000   1.180000   nan   nan   0.037318   nan   nan   nan   nan  nan  nan  nan  nan  nan 
26  5  1  45.000000   0.020000   0.030680   0.024628   0.037318   0.044712   0.111899   0.120501   8.327432382745e-07  9.318313520491e-08  3.723348333940e-08  1.003465443760e-07  6.867487916717e-07  6.684943731568e-07 
47  5  2  45.000000   0.060000   0.058043   0.052343   0.037318   0.064284   0.062166   0.089426   2.320447369125e-07  1.442533932622e-08  1.491665670685e-08  2.075083280224e-08  2.317004652570e-07  2.231142981004e-07 
68  5  3  45.000000   0.100000   0.095311   0.070761   0.037318   0.079998   0.072979   0.108285   4.680358376656e-08  3.415664627757e-09  3.744202883337e-09  5.068118001872e-09  4.542125151560e-08  4.204687029122e-08 
89  5  4  45.000000   0.140000   0.133651   0.068563   0.037318   0.078061   0.133248   0.154429   1.073291018735e-08  1.430133817492e-09  8.378237452666e-10  1.657477409821e-09  1.142742889601e-08  1.008150669546e-08 
110  5  5  45.000000   0.180000   0.167382   0.062487   0.037318   0.072783   0.339315   0.347034   6.377125942587e-09  2.163857534756e-09  4.641441907575e-10  2.213076876327e-09  3.852512605840e-09  3.406345803268e-09 
131  5  6  45.000000   0.220000   0.202732   nan   0.037318   nan   nan   nan   nan  nan  nan  nan  1.520963873028e-09  1.275644922257e-09 
152  5  7  45.000000   0.260000   nan   nan   0.037318   nan   nan   nan   nan  nan  nan  nan  nan  nan 
173  5  8  45.000000   0.300000   0.316529   0.013272   0.037318   0.039608   1.207671   1.208320   1.072584650347e-09  1.295329473870e-09  4.248269066834e-11  1.296025935266e-09  1.343860852371e-10  1.311744611775e-10 
194  5  9  45.000000   0.340000   0.347682   0.017196   0.037318   0.041090   0.368164   0.370450   5.393998441364e-11  1.985878329860e-11  2.216368847491e-12  1.998208109704e-11  8.384085389745e-11  8.706620842139e-11 
215  5  10  45.000000   0.380000   0.383316   0.015004   0.037318   0.040221   0.170606   0.175283   3.877605130144e-11  6.615438689931e-12  1.559618632795e-12  6.796796255589e-12  5.519658046669e-11  5.939959719335e-11 
236  5  11  45.000000   0.420000   0.428631   0.016082   0.037318   0.040636   0.136217   0.142149   2.077698968954e-11  2.830178265178e-12  8.442881622723e-13  2.953427079452e-12  3.489891154999e-11  3.810739211629e-11 
257  5  12  45.000000   0.460000   0.463846   0.019658   0.037318   0.042179   0.109653   0.117486   1.613677564490e-11  1.769444507035e-12  6.806356286824e-13  1.895837208863e-12  2.567208556813e-11  2.893881308171e-11 
278  5  13  45.000000   0.500000   0.501593   0.019569   0.037318   0.042138   0.095133   0.104047   1.273745418553e-11  1.211746662907e-12  5.367269997831e-13  1.325294626626e-12  1.891919444989e-11  2.204498518304e-11 
299  5  14  45.000000   0.540000   0.540443   0.020013   0.037318   0.042346   0.089682   0.099177   9.568344394371e-12  8.581129300012e-13  4.051768900909e-13  9.489605433836e-13  1.399791576874e-11  1.674909715443e-11 
320  5  15  45.000000   0.580000   0.579736   0.020967   0.037318   0.042805   0.083905   0.094193   8.104749338064e-12  6.800275047136e-13  3.469233023162e-13  7.634089237473e-13  1.034607590394e-11  1.277104211673e-11 
341  5  16  45.000000   0.620000   0.619224   0.021910   0.037318   0.043275   0.090929   0.100702   5.677162352473e-12  5.162193696719e-13  2.456772027588e-13  5.716989816152e-13  7.585829358259e-12  9.738168760698e-12 
362  5  17  45.000000   0.660000   0.658887   0.023330   0.037318   0.044011   0.094867   0.104579   4.784075896970e-12  4.538515991243e-13  2.105505138442e-13  5.003126951295e-13  5.502521920672e-12  7.406963752579e-12 
383  5  18  45.000000   0.700000   0.698694   0.025159   0.037318   0.045007   0.100673   0.110275   4.264828971600e-12  4.293536969070e-13  1.919455581749e-13  4.703059582344e-13  3.944768830203e-12  5.619954616028e-12 
404  5  19  45.000000   0.740000   0.738499   0.026786   0.037318   0.045936   0.108119   0.117473   3.939886369603e-12  4.259770117037e-13  1.809834441010e-13  4.628297975916e-13  2.786989271889e-12  4.238775979602e-12 
425  5  20  45.000000   0.780000   0.778525   0.026997   0.037318   0.046060   0.124159   0.132427   3.412809375363e-12  4.237295317032e-13  1.571928147038e-13  4.519472281494e-13  1.929374063536e-12  3.163054933904e-12 
446  5  21  45.000000   0.820000   0.818363   0.032139   0.037318   0.049250   0.164920   0.172116   2.145999371324e-12  3.539178753733e-13  1.056898624483e-13  3.693618950746e-13  1.312257767299e-12  2.354915828487e-12 
467  5  22  45.000000   0.860000   0.858218   0.034898   0.037318   0.051093   0.176529   0.183774   2.114091116101e-12  3.731977330008e-13  1.080151012162e-13  3.885148774599e-13  8.725747729529e-13  1.735979496014e-12 
488  5  23  45.000000   0.900000   0.898146   0.035801   0.037318   0.051714   0.186858   0.193882   2.193985486626e-12  4.099626577635e-13  1.134593257443e-13  4.253732471123e-13  5.638374535864e-13  1.267950008610e-12 
509  5  24  45.000000   0.940000   0.938245   0.035580   0.037318   0.051561   0.259572   0.264643   1.291232136604e-12  3.351671984328e-13  6.657746225476e-14  3.417156850154e-13  3.529457053520e-13  9.232709474530e-13 
530  5  25  45.000000   0.980000   0.978379   0.044135   0.037318   0.057797   0.303314   0.308772   1.045908090021e-12  3.172387740133e-13  6.045051097471e-14  3.229469058755e-13  2.151353721818e-13  6.683962551580e-13 
551  5  26  45.000000   1.020000   1.018343   0.054849   0.037318   0.066341   0.354454   0.360609   8.722545415127e-13  3.091745419704e-13  5.786595477717e-14  3.145431069422e-13  1.233492983962e-13  4.692396820774e-13 
572  5  27  45.000000   1.060000   1.057902   0.253215   0.037318   0.255950   0.388629   0.465341   8.208925631255e-13  3.190223891375e-13  2.101071660789e-13  3.819951649023e-13  6.768884850324e-14  3.246080575399e-13 
593  5  28  45.000000   1.100000   1.097609   0.000000   0.037318   0.037318   1.000282   1.000978   6.289283241183e-13  6.291056906756e-13  2.347034719945e-14  6.295433481803e-13  3.464055715087e-14  2.140674278982e-13 
614  5  29  45.000000   1.140000   1.137521   0.000000   0.037318   0.037318   0.423765   0.425405   1.067203491451e-12  4.522429601859e-13  3.982589989396e-14  4.539931688253e-13  1.590984439996e-14  1.294034214985e-13 
635  5  30  45.000000   1.180000   1.172943   0.000000   0.037318   0.037318   0.578377   0.579579   9.747199431741e-13  5.637554355714e-13  3.637459883937e-14  5.649276967693e-13  7.275959062834e-15  7.572446179004e-14 
27  6  1  55.000000   0.020000   0.031350   0.017601   0.037318   0.041261   0.101614   0.109671   7.285602053210e-07  7.403181377426e-08  3.006078716425e-08  7.990219255841e-08  6.862178714707e-07  6.618643721294e-07 
48  6  2  55.000000   0.060000   0.057985   0.044515   0.037318   0.058088   0.054167   0.079424   2.202561597080e-07  1.193055426538e-08  1.279420012733e-08  1.749370406681e-08  2.429836123714e-07  2.393096912510e-07 
69  6  3  55.000000   0.100000   0.096540   0.059747   0.037318   0.070444   0.058544   0.091596   4.131648732897e-08  2.418834701349e-09  2.910492418700e-09  3.784405822815e-09  4.763845427613e-08  4.376849731987e-08 
90  6  4  55.000000   0.140000   0.135666   0.058772   0.037318   0.069618   0.086227   0.110823   1.149293929685e-08  9.910028463868e-10  8.001210062103e-10  1.273687664275e-09  1.134476471852e-08  9.919739423798e-09 
111  6  5  55.000000   0.180000   0.174896   0.051387   0.037318   0.063508   0.183551   0.194227   2.883790535241e-09  5.293216964996e-10  1.831445550808e-10  5.601101556310e-10  3.390739221958e-09  2.738539454463e-09 
132  6  6  55.000000   0.220000   0.213073   0.041411   0.037318   0.055745   0.718821   0.720979   3.781963208894e-10  2.718553389493e-10  2.108258448564e-11  2.726715986014e-10  1.146717139000e-09  8.957720068900e-10 
153  6  7  55.000000   0.260000   0.253386   0.033177   0.037318   0.049933   1.017096   1.018321   5.754822354502e-10  5.853209147359e-10  2.873570601462e-11  5.860258646403e-10  4.550328395957e-10  3.534256032436e-10 
174  6  8  55.000000   0.300000   0.293557   nan   0.037318   nan   nan   nan   nan  nan  nan  nan  2.083715651943e-10  1.821817827504e-10 
195  6  9  55.000000   0.340000   0.343135   nan   0.037318   nan   nan   nan   nan  nan  nan  nan  8.917361595837e-11  9.834637778768e-11 
216  6  10  55.000000   0.380000   0.385949   0.019645   0.037318   0.042173   0.256302   0.259748   7.194158332237e-11  1.843875908592e-11  3.033978800505e-12  1.868670286568e-11  5.315502959503e-11  6.310930037050e-11 
237  6  11  55.000000   0.420000   0.423256   0.017680   0.037318   0.041294   0.166297   0.171347   3.657783389304e-11  6.082772469868e-12  1.510447949248e-12  6.267501410257e-12  3.678796576442e-11  4.818426657485e-11 
258  6  12  55.000000   0.460000   0.468278   0.019958   0.037318   0.042320   0.118158   0.125508   2.794718524657e-11  3.302192466579e-12  1.182715638951e-12  3.507604790872e-12  2.450782896116e-11  3.437093812117e-11 
279  6  13  55.000000   0.500000   0.504618   0.025088   0.037318   0.044967   0.090044   0.100648   2.477560707869e-11  2.230903669712e-12  1.114081633283e-12  2.493613656754e-12  1.849408625665e-11  2.768019211998e-11 
300  6  14  55.000000   0.540000   0.542304   0.025817   0.037318   0.045378   0.074028   0.086829   2.185724723701e-11  1.618047767800e-12  9.918319151514e-13  1.897843282992e-12  1.377830460324e-11  2.226010990422e-11 
321  6  15  55.000000   0.580000   0.581169   0.027250   0.037318   0.046208   0.070538   0.084326   1.622550393359e-11  1.144515199523e-12  7.497548131158e-13  1.368227803303e-12  1.018213657321e-11  1.788483536012e-11 
342  6  16  55.000000   0.620000   0.620498   0.028744   0.037318   0.047105   0.067376   0.082209   1.285609888474e-11  8.661945586361e-13  6.055805530761e-13  1.056892056775e-12  7.470922448896e-12  1.431145940541e-11 
363  6  17  55.000000   0.660000   0.660109   0.030918   0.037318   0.048462   0.062078   0.078754   1.179511915273e-11  7.322171989793e-13  5.716137065376e-13  9.289156344807e-13  5.422910441090e-12  1.139824495226e-11 
384  6  18  55.000000   0.700000   0.699596   0.033413   0.037318   0.050090   0.060484   0.078533   1.052596094709e-11  6.366562549869e-13  5.272500219908e-13  8.266340016617e-13  3.883892716284e-12  9.040127704107e-12 
405  6  19  55.000000   0.740000   0.739329   0.035581   0.037318   0.051562   0.062310   0.080878   8.941164746164e-12  5.571257977342e-13  4.610250752564e-13  7.231412548846e-13  2.741004252829e-12  7.073815367034e-12 
426  6  20  55.000000   0.780000   0.779000   0.038483   0.037318   0.053606   0.064037   0.083513   8.209862421376e-12  5.257380149702e-13  4.400960027383e-13  6.856274148625e-13  1.903199916705e-12  5.475163215100e-12 
447  6  21  55.000000   0.820000   0.818561   0.041784   0.037318   0.056023   0.072021   0.091244   6.727313422947e-12  4.845053975664e-13  3.768840394746e-13  6.138298294166e-13  1.297807894338e-12  4.137658690492e-12 
468  6  22  55.000000   0.860000   0.858327   0.044302   0.037318   0.057925   0.075862   0.095448   6.524346289281e-12  4.949502845794e-13  3.779202421042e-13  6.227354924824e-13  8.650077960781e-13  3.026995654873e-12 
489  6  23  55.000000   0.900000   0.898030   0.048105   0.037318   0.060883   0.093095   0.111236   4.931382626224e-12  4.590861670520e-13  3.002371279021e-13  5.485457517377e-13  5.597847418792e-13  2.133925922519e-12 
510  6  24  55.000000   0.940000   0.937740   0.052040   0.037318   0.064037   0.132371   0.147047   2.890695677680e-12  3.826440268702e-13  1.851123726611e-13  4.250682789996e-13  3.521225387731e-13  1.450556541922e-12 
531  6  25  55.000000   0.980000   0.977414   0.056453   0.037318   0.067672   0.140426   0.155881   3.107846839287e-12  4.364219582072e-13  2.103153637012e-13  4.844550317771e-13  2.111223863283e-13  9.350936997313e-13 
552  6  26  55.000000   1.020000   1.017089   0.075978   0.037318   0.084648   0.170150   0.190043   2.749332238256e-12  4.677991666910e-13  2.327255336857e-13  5.224913725470e-13  1.229719221854e-13  5.787542883009e-13 
573  6  27  55.000000   1.060000   1.056640   0.251145   0.037318   0.253902   0.259493   0.363047   1.708102251174e-12  4.432404171689e-13  4.336911788879e-13  6.201210414566e-13  6.824119370742e-14  3.392497660193e-13 
594  6  28  55.000000   1.100000   1.096144   0.000000   0.037318   0.037318   0.276907   0.279410   2.124882449412e-12  5.883948535506e-13  7.929636324715e-14  5.937140868373e-13  3.508601603370e-14  1.853810856944e-13 
615  6  29  55.000000   1.140000   1.135648   0.000000   0.037318   0.037318   0.578792   0.579994   1.066176248419e-12  6.170942073828e-13  3.978756523850e-14  6.183755421530e-13  1.602712199235e-14  9.337510176680e-14 
636  6  30  55.000000   1.180000   1.171942   0.000000   0.037318   0.037318   0.823170   0.824015   8.038537780763e-13  6.617080897430e-13  2.999821529025e-14  6.623877179960e-13  7.933442958927e-15  4.850625559188e-14 
28  7  1  65.000000   0.020000   0.032006   0.012656   0.037318   0.039406   0.095481   0.103293   7.006723086140e-07  6.690083257688e-08  2.761037966438e-08  7.237440476226e-08  6.717089886810e-07  6.498010211119e-07 
49  7  2  65.000000   0.060000   0.058979   0.028330   0.037318   0.046853   0.048692   0.067573   2.206913278292e-07  1.074585955283e-08  1.034009635026e-08  1.491278277391e-08  2.491340404572e-07  2.396152623897e-07 
70  7  3  65.000000   0.100000   0.096580   0.042378   0.037318   0.056467   0.048626   0.074518   4.330446398566e-08  2.105719974571e-09  2.445273668173e-09  3.226983099362e-09  4.915984666776e-08  4.459848190829e-08 
91  7  4  65.000000   0.140000   0.135788   0.041827   0.037318   0.056055   0.070019   0.089693   9.911384706238e-09  6.939856601466e-10  5.555820487457e-10  8.889811636799e-10  1.072830345876e-08  9.173247998948e-09 
112  7  5  65.000000   0.180000   0.175932   0.033125   0.037318   0.049899   0.139836   0.148472   2.059349362147e-09  2.879708862797e-10  1.027589706718e-10  3.057558460573e-10  2.970042657119e-09  2.224455085729e-09 
133  7  6  65.000000   0.220000   0.216830   0.025449   0.037318   0.045169   0.317034   0.320236   4.985389637347e-10  1.580538580999e-10  2.251873265569e-11  1.596499777034e-10  1.070632635063e-09  7.250078298258e-10 
154  7  7  65.000000   0.260000   0.257152   0.019734   0.037318   0.042214   0.357735   0.360218   4.143043157361e-10  1.482113574778e-10  1.748962458736e-11  1.492397180834e-10  4.322592082596e-10  2.856304889081e-10 
175  7  8  65.000000   0.300000   0.298067   0.014400   0.037318   0.040000   0.723576   0.724681   8.767860860959e-11  6.344217786946e-11  3.507141644688e-12  6.353904292115e-11  1.926695749662e-10  1.487151595356e-10 
196  7  9  65.000000   0.340000   0.338971   nan   0.037318   nan   nan   nan   nan  nan  nan  nan  9.922875571090e-11  1.061845214381e-10 
217  7  10  65.000000   0.380000   0.386692   0.017580   0.037318   0.041252   0.673611   0.674873   1.699247463578e-10  1.144632464292e-10  7.009667921957e-12  1.146776797266e-10  5.074396915485e-11  7.821455600183e-11 
238  7  11  65.000000   0.420000   0.424982   0.021066   0.037318   0.042854   0.438714   0.440802   1.085054134560e-10  4.760280717388e-11  4.649838362368e-12  4.782936595471e-11  3.607119545873e-11  6.331463986115e-11 
259  7  12  65.000000   0.460000   0.462689   0.019517   0.037318   0.042114   0.301380   0.304309   5.349335546624e-11  1.612185035510e-11  2.252803735713e-12  1.627848836790e-11  2.605391817705e-11  5.493093587499e-11 
280  7  13  65.000000   0.500000   0.501229   0.018572   0.037318   0.041684   0.156261   0.161725   6.940205852184e-11  1.084480331294e-11  2.892966576686e-12  1.122403735338e-11  1.902584361812e-11  4.694395876392e-11 
301  7  14  65.000000   0.540000   0.540147   0.018941   0.037318   0.041850   0.143857   0.149820   3.840743231009e-11  5.525168366194e-12  1.607346010993e-12  5.754219901415e-12  1.400789850563e-11  3.923705660232e-11 
322  7  15  65.000000   0.580000   0.583962   0.024003   0.037318   0.044371   0.127309   0.134820   3.149029437367e-11  4.008995044732e-12  1.397246886478e-12  4.245508229937e-12  1.038183062015e-11  2.849898773146e-11 
343  7  16  65.000000   0.620000   0.621216   0.025048   0.037318   0.044945   0.111395   0.120121   3.326981451362e-11  3.706106663694e-12  1.495306285675e-12  3.996394311208e-12  7.409048692313e-12  2.198064993223e-11 
364  7  17  65.000000   0.660000   0.660211   0.026838   0.037318   0.045966   0.130018   0.137904   2.310958187235e-11  3.004656322121e-12  1.062259118996e-12  3.186903520653e-12  5.438309497795e-12  1.678649477549e-11 
385  7  18  65.000000   0.700000   0.698244   0.033049   0.037318   0.049849   0.141822   0.150327   1.907115615450e-11  2.704702042023e-12  9.506719855374e-13  2.866913036737e-12  3.879966036772e-12  1.236920803493e-11 
406  7  19  65.000000   0.740000   0.737078   0.030255   0.037318   0.048042   0.176095   0.182531   1.526390030284e-11  2.687898526185e-12  7.333050583053e-13  2.786132587586e-12  2.771981002310e-12  9.315728616098e-12 
427  7  20  65.000000   0.780000   0.775973   0.032587   0.037318   0.049544   0.260073   0.264750   9.958542762069e-12  2.589946976565e-12  4.933815666111e-13  2.636522465615e-12  1.944716179859e-12  6.283423144968e-12 
448  7  21  65.000000   0.820000   0.815194   0.029135   0.037318   0.047344   0.335887   0.339207   1.052769337073e-11  3.536115029950e-12  4.984270929594e-13  3.571069737772e-12  1.346992988375e-12  3.947553565275e-12 
469  7  22  65.000000   0.860000   0.853772   0.031070   0.037318   0.048559   0.463980   0.466514   1.032438003940e-11  4.790307297344e-12  5.013445132282e-13  4.816470733217e-12  8.819089356036e-13  2.418872573572e-12 
490  7  23  65.000000   0.900000   0.893752   0.023823   0.037318   0.044274   1.007957   1.008929   1.404209573125e-11  1.415383298911e-11  6.216962065988e-13  1.416748017316e-11  5.733856408757e-13  1.347047852305e-12 
511  7  24  65.000000   0.940000   0.930648   nan   0.037318   nan   nan   nan   nan  nan  nan  nan  3.764417678452e-13  7.899004545969e-13 
532  7  25  65.000000   0.980000   0.968821   nan   0.037318   nan   nan   nan   nan  nan  nan  nan  nan  nan 
553  7  26  65.000000   1.020000   nan   nan   0.037318   nan   nan   nan   nan  nan  nan  nan  nan  nan 
574  7  27  65.000000   1.060000   nan   nan   0.037318   nan   nan   nan   nan  nan  nan  nan  nan  nan 
595  7  28  65.000000   1.100000   nan   nan   0.037318   nan   nan   nan   nan  nan  nan  nan  nan  nan 
616  7  29  65.000000   1.140000   nan   nan   0.037318   nan   nan   nan   nan  nan  nan  nan  nan  nan 
637  7  30  65.000000   1.180000   nan   nan   0.037318   nan   nan   nan   nan  nan  nan  nan  nan  nan 
29  8  1  75.000000   0.020000   0.031713   0.007574   0.037318   0.038079   0.091281   0.098906   6.496226311398e-07  5.929850195686e-08  2.473692132386e-08  6.425128489696e-08  6.813230710930e-07  6.606646063118e-07 
50  8  2  75.000000   0.060000   0.059737   0.015429   0.037318   0.040382   0.045046   0.060496   2.023433120019e-07  9.114732096253e-09  8.170945675812e-09  1.224102505608e-08  2.538002586537e-07  2.344834131085e-07 
71  8  3  75.000000   0.100000   0.097016   0.017743   0.037318   0.041321   0.042318   0.059146   3.950902145613e-08  1.671958313067e-09  1.632565027436e-09  2.336816888299e-09  4.624842630855e-08  4.198593119955e-08 
92  8  4  75.000000   0.140000   0.136795   0.016489   0.037318   0.040799   0.059749   0.072350   7.542799192601e-09  4.506759487611e-10  3.077365501426e-10  5.457202535048e-10  9.775558105173e-09  7.675907227901e-09 
113  8  5  75.000000   0.180000   0.177147   0.011047   0.037318   0.038919   0.106750   0.113623   2.259809214418e-09  2.412335508127e-10  8.794885433979e-11  2.567657045195e-10  3.022350906832e-09  2.042507255666e-09 
134  8  6  75.000000   0.220000   0.217081   0.008162   0.037318   0.038200   0.218545   0.221858   5.789485128619e-10  1.265262501172e-10  2.211596661764e-11  1.284445715013e-10  1.071992427187e-09  6.002902834616e-10 
155  8  7  75.000000   0.260000   0.258317   0.005455   0.037318   0.037715   0.307858   0.310159   2.535215064958e-10  7.804860997430e-11  9.561450266415e-12  7.863209809052e-11  4.227333149398e-10  2.141037951492e-10 
176  8  8  75.000000   0.300000   0.299558   0.003622   0.037318   0.037493   0.321391   0.323571   1.786530147952e-10  5.741751409064e-11  6.698305814232e-12  5.780690464927e-11  1.895250781891e-10  1.242059822937e-10 
197  8  9  75.000000   0.340000   0.340185   0.002698   0.037318   0.037415   0.326980   0.329114   1.581371807345e-10  5.170768434852e-11  5.916766440206e-12  5.204510299533e-11  9.800494869200e-11  1.058224721250e-10 
218  8  10  75.000000   0.380000   0.380060   0.002559   0.037318   0.037406   0.500986   0.502381   6.467195440641e-11  3.239975226470e-11  2.419096626974e-12  3.248993652355e-11  5.817632698142e-11  9.604773027879e-11 
239  8  11  75.000000   0.420000   0.419829   0.002731   0.037318   0.037418   0.707825   0.708813   3.259886927419e-11  2.307428469178e-11  1.219778770424e-12  2.310650285712e-11  3.836239950482e-11  8.208711604292e-11 
260  8  12  75.000000   0.460000   0.459336   0.003147   0.037318   0.037450   0.409840   0.411547   9.985568005615e-11  4.092482521471e-11  3.739637945433e-12  4.109533076661e-11  2.693650595607e-11  6.462890233671e-11 
281  8  13  75.000000   0.500000   0.499013   0.003697   0.037318   0.037501   0.707426   0.708419   3.766452167912e-11  2.664486180540e-11  1.412444776407e-12  2.668227240839e-11  1.951492204274e-11  4.745938533328e-11 
302  8  14  75.000000   0.540000   0.538171   0.004630   0.037318   0.037604   1.000277   1.000983   2.169271673985e-11  2.169871847430e-11  8.157357386258e-13  2.171404633462e-11  1.433954672232e-11  3.296652424869e-11 
323  8  15  75.000000   0.580000   0.577829   nan   0.037318   nan   nan   nan   nan  nan  nan  nan  1.051947920043e-11  2.171063642395e-11 
344  8  16  75.000000   0.620000   0.616985   nan   0.037318   nan   nan   nan   nan  nan  nan  nan  7.652459591362e-12  1.405251099552e-11 
365  8  17  75.000000   0.660000   0.656601   nan   0.037318   nan   nan   nan   nan  nan  nan  nan  5.602163211060e-12  8.994897590370e-12 
386  8  18  75.000000   0.700000   0.695589   nan   0.037318   nan   nan   nan   nan  nan  nan  nan  4.048399390981e-12  5.801669077414e-12 
407  8  19  75.000000   0.740000   0.733408   nan   0.037318   nan   nan   nan   nan  nan  nan  nan  2.858612618871e-12  3.923692692839e-12 
428  8  20  75.000000   0.780000   0.770363   nan   0.037318   nan   nan   nan   nan  nan  nan  nan  2.040738889997e-12  2.594823664318e-12 
449  8  21  75.000000   0.820000   0.800851   nan   0.037318   nan   nan   nan   nan  nan  nan  nan  nan  nan 
470  8  22  75.000000   0.860000   nan   nan   0.037318   nan   nan   nan   nan  nan  nan  nan  nan  nan 
491  8  23  75.000000   0.900000   nan   nan   0.037318   nan   nan   nan   nan  nan  nan  nan  nan  nan 
512  8  24  75.000000   0.940000   nan   nan   0.037318   nan   nan   nan   nan  nan  nan  nan  nan  nan 
533  8  25  75.000000   0.980000   nan   nan   0.037318   nan   nan   nan   nan  nan  nan  nan  nan  nan 
554  8  26  75.000000   1.020000   nan   nan   0.037318   nan   nan   nan   nan  nan  nan  nan  nan  nan 
575  8  27  75.000000   1.060000   nan   nan   0.037318   nan   nan   nan   nan  nan  nan  nan  nan  nan 
596  8  28  75.000000   1.100000   nan   nan   0.037318   nan   nan   nan   nan  nan  nan  nan  nan  nan 
617  8  29  75.000000   1.140000   nan   nan   0.037318   nan   nan   nan   nan  nan  nan  nan  nan  nan 
638  8  30  75.000000   1.180000   nan   nan   0.037318   nan   nan   nan   nan  nan  nan  nan  nan  nan 
30  9  1  85.000000   0.020000   0.032311   0.008418   0.037318   0.038256   0.088703   0.096601   6.144240844872e-07  5.450135255970e-08  2.350522610024e-08  5.935396435673e-08  6.608907112867e-07  6.504646156697e-07 
51  9  2  85.000000   0.060000   0.059813   0.005277   0.037318   0.037689   0.043001   0.057180   2.012711843101e-07  8.654933501382e-09  7.585769383726e-09  1.150876931111e-08  2.380404280682e-07  2.350228135610e-07 
72  9  3  85.000000   0.100000   0.097898   0.008767   0.037318   0.038334   0.038784   0.054532   3.220851510453e-08  1.249178056231e-09  1.234677570346e-09  1.756381085894e-09  4.395689692302e-08  3.862952121136e-08 
93  9  4  85.000000   0.140000   0.137590   0.011486   0.037318   0.039046   0.049892   0.063354   7.217556919545e-09  3.600986070509e-10  2.818131388303e-10  4.572632196202e-10  9.567993583379e-09  7.518721058778e-09 
114  9  5  85.000000   0.180000   0.177788   0.012381   0.037318   0.039318   0.077429   0.086840   2.079321197865e-09  1.609999807236e-10  8.175534457786e-11  1.805683531521e-10  2.948654752937e-09  1.994765726627e-09 
135  9  6  85.000000   0.220000   0.218623   0.012834   0.037318   0.039463   0.126890   0.132885   7.569627230623e-10  9.605113173586e-11  2.987226287209e-11  1.005891246450e-10  1.034057349141e-09  6.068398586626e-10 
156  9  7  85.000000   0.260000   0.259213   0.012958   0.037318   0.039504   0.213488   0.217112   3.569106273078e-10  7.619609723647e-11  1.409925410629e-11  7.748957478541e-11  4.117842311458e-10  2.510199602184e-10 
177  9  8  85.000000   0.300000   0.299935   0.012360   0.037318   0.039312   0.193236   0.197194   2.425180301406e-10  4.686315382285e-11  9.533801582217e-12  4.782309649984e-11  1.878157734091e-10  1.479507285898e-10 
198  9  9  85.000000   0.340000   0.339908   0.011283   0.037318   0.038987   0.204846   0.208523   1.751828874443e-10  3.588545554843e-11  6.829774431757e-12  3.652960085611e-11  9.829581584542e-11  1.064921912137e-10 
219  9  10  85.000000   0.380000   0.379520   0.009859   0.037318   0.038598   0.246297   0.249303   1.248713759743e-10  3.075543592922e-11  4.819828696613e-12  3.113081412140e-11  5.867271362650e-11  8.034066163430e-11 
240  9  11  85.000000   0.420000   0.419180   0.008930   0.037318   0.038372   0.408566   0.410364   4.862220789646e-11  1.986537389158e-11  1.865712088118e-12  1.995279332444e-11  3.842998490900e-11  5.966235675677e-11 
261  9  12  85.000000   0.460000   0.458781   0.008662   0.037318   0.038310   0.577591   0.578860   2.769086425296e-11  1.599399962816e-11  1.060838396204e-12  1.602914227925e-11  2.684740601365e-11  4.293248764410e-11 
282  9  13  85.000000   0.500000   0.498268   0.008691   0.037318   0.038317   1.000188   1.000921   1.137072981077e-11  1.137286289667e-11  4.356887959320e-13  1.138120534888e-11  1.932248251886e-11  2.999528644686e-11 
303  9  14  85.000000   0.540000   0.537289   0.009156   0.037318   0.038425   1.000284   1.001022   1.611022820610e-11  1.611480462520e-11  6.190316467277e-13  1.612668993588e-11  1.424230275177e-11  2.071921017866e-11 
324  9  15  85.000000   0.580000   0.576448   nan   0.037318   nan   nan   nan   nan  nan  nan  nan  1.052221428181e-11  1.425068334913e-11 
345  9  16  85.000000   0.620000   0.614898   nan   0.037318   nan   nan   nan   nan  nan  nan  nan  7.711900159327e-12  9.815512536026e-12 
366  9  17  85.000000   0.660000   0.653689   nan   0.037318   nan   nan   nan   nan  nan  nan  nan  5.667444710391e-12  6.730306620299e-12 
387  9  18  85.000000   0.700000   0.689798   nan   0.037318   nan   nan   nan   nan  nan  nan  nan  4.235900568790e-12  4.659284106593e-12 
408  9  19  85.000000   0.740000   0.722481   nan   0.037318   nan   nan   nan   nan  nan  nan  nan  nan  3.302185514852e-12 
429  9  20  85.000000   0.780000   nan   nan   0.037318   nan   nan   nan   nan  nan  nan  nan  nan  nan 
450  9  21  85.000000   0.820000   nan   nan   0.037318   nan   nan   nan   nan  nan  nan  nan  nan  nan 
471  9  22  85.000000   0.860000   nan   nan   0.037318   nan   nan   nan   nan  nan  nan  nan  nan  nan 
492  9  23  85.000000   0.900000   nan   nan   0.037318   nan   nan   nan   nan  nan  nan  nan  nan  nan 
513  9  24  85.000000   0.940000   nan   nan   0.037318   nan   nan   nan   nan  nan  nan  nan  nan  nan 
534  9  25  85.000000   0.980000   nan   nan   0.037318   nan   nan   nan   nan  nan  nan  nan  nan  nan 
555  9  26  85.000000   1.020000   nan   nan   0.037318   nan   nan   nan   nan  nan  nan  nan  nan  nan 
576  9  27  85.000000   1.060000   nan   nan   0.037318   nan   nan   nan   nan  nan  nan  nan  nan  nan 
597  9  28  85.000000   1.100000   nan   nan   0.037318   nan   nan   nan   nan  nan  nan  nan  nan  nan 
618  9  29  85.000000   1.140000   nan   nan   0.037318   nan   nan   nan   nan  nan  nan  nan  nan  nan 
639  9  30  85.000000   1.180000   nan   nan   0.037318   nan   nan   nan   nan  nan  nan  nan  nan  nan 
31  10  1  95.000000   0.020000   0.032128   0.011101   0.037318   0.038934   0.089927   0.097994   6.451449693470e-07  5.801623987691e-08  2.511819072203e-08  6.322030998503e-08  6.595248129969e-07  6.507413071561e-07 
52  10  2  95.000000   0.060000   0.060527   0.019761   0.037318   0.042227   0.042690   0.060046   1.922250971441e-07  8.206066224543e-09  8.117133771308e-09  1.154241671154e-08  2.344443504580e-07  2.240602082315e-07 
73  10  3  95.000000   0.100000   0.098614   0.025744   0.037318   0.045337   0.036342   0.058105   3.290935583242e-08  1.196001398229e-09  1.491995830043e-09  1.912190079838e-09  4.247616964026e-08  3.853276063957e-08 
94  10  4  95.000000   0.140000   0.138688   0.030665   0.037318   0.048301   0.043837   0.065228   7.143507296887e-09  3.131497871133e-10  3.450380170645e-10  4.659549574679e-10  9.314673615054e-09  7.448699548150e-09 
115  10  5  95.000000   0.180000   0.178381   0.030850   0.037318   0.048418   0.062634   0.079167   2.113923670101e-09  1.324033545451e-10  1.023527824860e-10  1.673521448247e-10  2.760994150302e-09  2.079293786476e-09 
136  10  6  95.000000   0.220000   0.218827   0.030416   0.037318   0.048143   0.083143   0.096076   9.230233324007e-10  7.674333246692e-11  4.443737400198e-11  8.868043350323e-11  9.839035722989e-10  7.142714485157e-10 
157  10  7  95.000000   0.260000   0.259008   0.027687   0.037318   0.046467   0.122217   0.130752   3.777559504351e-10  4.616817027867e-11  1.755326962611e-11  4.939248142630e-11  3.901362735540e-10  3.136397903214e-10 
178  10  8  95.000000   0.300000   0.298985   0.023979   0.037318   0.044358   0.180187   0.185566   1.594964796377e-10  2.873912270973e-11  7.074928726961e-12  2.959715848889e-11  1.793031049301e-10  1.717990976307e-10 
199  10  9  95.000000   0.340000   0.338905   0.020386   0.037318   0.042523   0.213643   0.217834   1.182345155198e-10  2.526000973109e-11  5.027687509603e-12  2.575549908872e-11  9.659188608910e-11  1.093600911490e-10 
220  10  10  95.000000   0.380000   0.378833   0.016735   0.037318   0.040899   0.224097   0.227798   1.167490589911e-10  2.616308300997e-11  4.774878598097e-12  2.659523224590e-11  5.831221895510e-11  7.334586608794e-11 
241  10  11  95.000000   0.420000   0.418181   0.014516   0.037318   0.040042   0.378357   0.380470   4.917923676645e-11  1.860731215415e-11  1.969222654189e-12  1.871122399694e-11  3.840903626726e-11  5.002570029795e-11 
262  10  12  95.000000   0.460000   0.457006   0.013454   0.037318   0.039669   0.577791   0.579151   3.291004001623e-11  1.901512524654e-11  1.305514535298e-12  1.905988867605e-11  2.703266863706e-11  3.435401778231e-11 
283  10  13  95.000000   0.500000   0.495423   nan   0.037318   nan   nan   nan   nan  nan  nan  nan  1.970420046765e-11  2.399805271236e-11 
304  10  14  95.000000   0.540000   0.533778   nan   0.037318   nan   nan   nan   nan  nan  nan  nan  1.453362646919e-11  1.678210755024e-11 
325  10  15  95.000000   0.580000   0.570277   nan   0.037318   nan   nan   nan   nan  nan  nan  nan  1.096620645424e-11  1.185628029023e-11 
346  10  16  95.000000   0.620000   nan   nan   0.037318   nan   nan   nan   nan  nan  nan  nan  nan  nan 
367  10  17  95.000000   0.660000   nan   nan   0.037318   nan   nan   nan   nan  nan  nan  nan  nan  nan 
388  10  18  95.000000   0.700000   nan   nan   0.037318   nan   nan   nan   nan  nan  nan  nan  nan  nan 
409  10  19  95.000000   0.740000   nan   nan   0.037318   nan   nan   nan   nan  nan  nan  nan  nan  nan 
430  10  20  95.000000   0.780000   nan   nan   0.037318   nan   nan   nan   nan  nan  nan  nan  nan  nan 
451  10  21  95.000000   0.820000   nan   nan   0.037318   nan   nan   nan   nan  nan  nan  nan  nan  nan 
472  10  22  95.000000   0.860000   nan   nan   0.037318   nan   nan   nan   nan  nan  nan  nan  nan  nan 
493  10  23  95.000000   0.900000   nan   nan   0.037318   nan   nan   nan   nan  nan  nan  nan  nan  nan 
514  10  24  95.000000   0.940000   nan   nan   0.037318   nan   nan   nan   nan  nan  nan  nan  nan  nan 
535  10  25  95.000000   0.980000   nan   nan   0.037318   nan   nan   nan   nan  nan  nan  nan  nan  nan 
556  10  26  95.000000   1.020000   nan   nan   0.037318   nan   nan   nan   nan  nan  nan  nan  nan  nan 
577  10  27  95.000000   1.060000   nan   nan   0.037318   nan   nan   nan   nan  nan  nan  nan  nan  nan 
598  10  28  95.000000   1.100000   nan   nan   0.037318   nan   nan   nan   nan  nan  nan  nan  nan  nan 
619  10  29  95.000000   1.140000   nan   nan   0.037318   nan   nan   nan   nan  nan  nan  nan  nan  nan 
640  10  30  95.000000   1.180000   nan   nan   0.037318   nan   nan   nan   nan  nan  nan  nan  nan  nan 
32  11  1  105.000000   0.020000   0.032418   0.021295   0.037318   0.042966   0.090894   0.100537   6.403851414311e-07  5.820686633703e-08  2.751509728442e-08  6.438260531656e-08  6.552943127287e-07  6.399083845488e-07 
53  11  2  105.000000   0.060000   0.061170   0.027881   0.037318   0.046583   0.043806   0.063945   1.761817888562e-07  7.717837616664e-09  8.207073527850e-09  1.126592532235e-08  2.285349361004e-07  2.148990673263e-07 
74  11  3  105.000000   0.100000   0.098636   0.037741   0.037318   0.053075   0.037014   0.064707   3.658788210975e-08  1.354251161571e-09  1.941914202894e-09  2.367493818370e-09  4.400151786582e-08  4.055489409179e-08 
95  11  4  105.000000   0.140000   0.138117   0.041983   0.037318   0.056171   0.043245   0.070890   9.215107353409e-09  3.985089983358e-10  5.176213924250e-10  6.532544126530e-10  1.012094455770e-08  9.002354224915e-09 
116  11  5  105.000000   0.180000   0.178388   0.040462   0.037318   0.055044   0.061487   0.082526   2.572064327419e-09  1.581489934533e-10  1.415767530099e-10  2.122618221045e-10  2.982466749897e-09  2.520583965258e-09 
137  11  6  105.000000   0.220000   0.218242   0.038877   0.037318   0.053889   0.081542   0.097740   1.093317421578e-09  8.915082807931e-11  5.891805701375e-11  1.068606924435e-10  1.036106264390e-09  9.004443322886e-10 
158  11  7  105.000000   0.260000   0.258173   0.034563   0.037318   0.050865   0.114190   0.125007   4.788760766214e-10  5.468301891508e-11  2.435797153538e-11  5.986270404004e-11  4.121536900774e-10  3.928004071163e-10 
179  11  8  105.000000   0.300000   0.298187   0.029726   0.037318   0.047710   0.148215   0.155705   2.708053643208e-10  4.013742963372e-11  1.292020053524e-11  4.216568319703e-11  1.873949189074e-10  2.011728567984e-10 
200  11  9  105.000000   0.340000   0.337898   0.024824   0.037318   0.044821   0.224266   0.228701   1.403501475801e-10  3.147582536224e-11  6.290572118155e-12  3.209826910922e-11  9.773773439905e-11  1.162059158249e-10 
221  11  10  105.000000   0.380000   0.376783   0.020045   0.037318   0.042361   0.447799   0.449798   5.687653710831e-11  2.546924500455e-11  2.409337858037e-12  2.558295037747e-11  5.861427297687e-11  7.271551531388e-11 
242  11  11  105.000000   0.420000   0.414484   0.017051   0.037318   0.041029   1.000843   1.001684   3.412102099319e-11  3.414979613757e-11  1.399949133092e-12  3.417847910327e-11  3.907080958283e-11  4.814814774274e-11 
263  11  12  105.000000   0.460000   0.449252   nan   0.037318   nan   nan   nan   nan  nan  nan  nan  2.868497535351e-11  3.408285861154e-11 
284  11  13  105.000000   0.500000   0.482776   nan   0.037318   nan   nan   nan   nan  nan  nan  nan  nan  2.453395637860e-11 
305  11  14  105.000000   0.540000   nan   nan   0.037318   nan   nan   nan   nan  nan  nan  nan  nan  nan 
326  11  15  105.000000   0.580000   nan   nan   0.037318   nan   nan   nan   nan  nan  nan  nan  nan  nan 
347  11  16  105.000000   0.620000   nan   nan   0.037318   nan   nan   nan   nan  nan  nan  nan  nan  nan 
368  11  17  105.000000   0.660000   nan   nan   0.037318   nan   nan   nan   nan  nan  nan  nan  nan  nan 
389  11  18  105.000000   0.700000   nan   nan   0.037318   nan   nan   nan   nan  nan  nan  nan  nan  nan 
410  11  19  105.000000   0.740000   nan   nan   0.037318   nan   nan   nan   nan  nan  nan  nan  nan  nan 
431  11  20  105.000000   0.780000   nan   nan   0.037318   nan   nan   nan   nan  nan  nan  nan  nan  nan 
452  11  21  105.000000   0.820000   nan   nan   0.037318   nan   nan   nan   nan  nan  nan  nan  nan  nan 
473  11  22  105.000000   0.860000   nan   nan   0.037318   nan   nan   nan   nan  nan  nan  nan  nan  nan 
494  11  23  105.000000   0.900000   nan   nan   0.037318   nan   nan   nan   nan  nan  nan  nan  nan  nan 
515  11  24  105.000000   0.940000   nan   nan   0.037318   nan   nan   nan   nan  nan  nan  nan  nan  nan 
536  11  25  105.000000   0.980000   nan   nan   0.037318   nan   nan   nan   nan  nan  nan  nan  nan  nan 
557  11  26  105.000000   1.020000   nan   nan   0.037318   nan   nan   nan   nan  nan  nan  nan  nan  nan 
578  11  27  105.000000   1.060000   nan   nan   0.037318   nan   nan   nan   nan  nan  nan  nan  nan  nan 
599  11  28  105.000000   1.100000   nan   nan   0.037318   nan   nan   nan   nan  nan  nan  nan  nan  nan 
620  11  29  105.000000   1.140000   nan   nan   0.037318   nan   nan   nan   nan  nan  nan  nan  nan  nan 
641  11  30  105.000000   1.180000   nan   nan   0.037318   nan   nan   nan   nan  nan  nan  nan  nan  nan 
33  12  1  115.000000   0.020000   0.032571   0.027957   0.037318   0.046628   0.098610   0.109079   6.495103465179e-07  6.404848471694e-08  3.028568894563e-08  7.084794527329e-08  6.582652677493e-07  6.330534239113e-07 
54  12  2  115.000000   0.060000   0.061038   0.034334   0.037318   0.050710   0.046586   0.068860   1.797896043013e-07  8.375611881757e-09  9.117099611544e-09  1.238032227855e-08  2.264248919121e-07  2.119266048072e-07 
75  12  3  115.000000   0.100000   0.098396   0.043904   0.037318   0.057621   0.042491   0.071594   3.351705659986e-08  1.424187353916e-09  1.931296573696e-09  2.399628320100e-09  4.386525321329e-08  4.086578979609e-08 
96  12  4  115.000000   0.140000   0.137871   0.046968   0.037318   0.059988   0.051103   0.078804   9.179724875519e-09  4.691120737534e-10  5.506774629996e-10  7.234029347445e-10  1.027916028972e-08  9.365418558684e-09 
117  12  5  115.000000   0.180000   0.178021   0.044018   0.037318   0.057708   0.069174   0.090085   3.197096257747e-09  2.211569689617e-10  1.844986388911e-10  2.880106815259e-10  2.967063545196e-09  2.701594297573e-09 
138  12  6  115.000000   0.220000   0.217923   0.041318   0.037318   0.055676   0.114571   0.127383   9.938498351724e-10  1.138667157302e-10  5.533356062910e-11  1.265994940080e-10  1.017974358702e-09  9.666688370286e-10 
159  12  7  115.000000   0.260000   0.257247   0.036224   0.037318   0.052008   0.170770   0.178514   4.957097873636e-10  8.465227018343e-11  2.578086596607e-11  8.849101591217e-11  3.983084359078e-10  4.177047776940e-10 
180  12  8  115.000000   0.300000   0.295966   0.030644   0.037318   0.048288   0.279298   0.283442   3.141453382544e-10  8.774017817595e-11  1.516935432463e-11  8.904183385900e-11  1.885128254437e-10  2.173970581858e-10 
201  12  9  115.000000   0.340000   0.333033   0.025444   0.037318   0.045167   1.002013   1.003031   8.664818420525e-11  8.682261903812e-11  3.913601143375e-12  8.691077867876e-11  1.050570659431e-10  1.277186677703e-10 
222  12  10  115.000000   0.380000   0.365044   nan   0.037318   nan   nan   nan   nan  nan  nan  nan  6.689372291692e-11  8.391025069643e-11 
243  12  11  115.000000   0.420000   nan   nan   0.037318   nan   nan   nan   nan  nan  nan  nan  nan  nan 
264  12  12  115.000000   0.460000   nan   nan   0.037318   nan   nan   nan   nan  nan  nan  nan  nan  nan 
285  12  13  115.000000   0.500000   nan   nan   0.037318   nan   nan   nan   nan  nan  nan  nan  nan  nan 
306  12  14  115.000000   0.540000   nan   nan   0.037318   nan   nan   nan   nan  nan  nan  nan  nan  nan 
327  12  15  115.000000   0.580000   nan   nan   0.037318   nan   nan   nan   nan  nan  nan  nan  nan  nan 
348  12  16  115.000000   0.620000   nan   nan   0.037318   nan   nan   nan   nan  nan  nan  nan  nan  nan 
369  12  17  115.000000   0.660000   nan   nan   0.037318   nan   nan   nan   nan  nan  nan  nan  nan  nan 
390  12  18  115.000000   0.700000   nan   nan   0.037318   nan   nan   nan   nan  nan  nan  nan  nan  nan 
411  12  19  115.000000   0.740000   nan   nan   0.037318   nan   nan   nan   nan  nan  nan  nan  nan  nan 
432  12  20  115.000000   0.780000   nan   nan   0.037318   nan   nan   nan   nan  nan  nan  nan  nan  nan 
453  12  21  115.000000   0.820000   nan   nan   0.037318   nan   nan   nan   nan  nan  nan  nan  nan  nan 
474  12  22  115.000000   0.860000   nan   nan   0.037318   nan   nan   nan   nan  nan  nan  nan  nan  nan 
495  12  23  115.000000   0.900000   nan   nan   0.037318   nan   nan   nan   nan  nan  nan  nan  nan  nan 
516  12  24  115.000000   0.940000   nan   nan   0.037318   nan   nan   nan   nan  nan  nan  nan  nan  nan 
537  12  25  115.000000   0.980000   nan   nan   0.037318   nan   nan   nan   nan  nan  nan  nan  nan  nan 
558  12  26  115.000000   1.020000   nan   nan   0.037318   nan   nan   nan   nan  nan  nan  nan  nan  nan 
579  12  27  115.000000   1.060000   nan   nan   0.037318   nan   nan   nan   nan  nan  nan  nan  nan  nan 
600  12  28  115.000000   1.100000   nan   nan   0.037318   nan   nan   nan   nan  nan  nan  nan  nan  nan 
621  12  29  115.000000   1.140000   nan   nan   0.037318   nan   nan   nan   nan  nan  nan  nan  nan  nan 
642  12  30  115.000000   1.180000   nan   nan   0.037318   nan   nan   nan   nan  nan  nan  nan  nan  nan 
34  13  1  125.000000   0.020000   0.033221   0.032398   0.037318   0.049419   0.102202   0.113523   5.441611659084e-07  5.561409646743e-08  2.689194500487e-08  6.177462611812e-08  6.436534201372e-07  6.087353994375e-07 
55  13  2  125.000000   0.060000   0.060862   0.038883   0.037318   0.053893   0.052062   0.074933   1.677340434653e-07  8.732648989559e-09  9.039758435730e-09  1.256886593736e-08  2.141571160975e-07  2.032002304717e-07 
76  13  3  125.000000   0.100000   0.098171   0.047349   0.037318   0.060287   0.051338   0.079185   3.531317335063e-08  1.812918828807e-09  2.128941462074e-09  2.796259363647e-09  4.149151504449e-08  3.886223567277e-08 
97  13  4  125.000000   0.140000   0.137051   0.047969   0.037318   0.060776   0.067371   0.090733   9.665373858150e-09  6.511634281960e-10  5.874209094671e-10  8.769704300027e-10  9.762563186595e-09  9.116090784389e-09 
118  13  5  125.000000   0.180000   0.176039   0.043932   0.037318   0.057642   0.105007   0.119787   4.249212220537e-09  4.461959286384e-10  2.449337786065e-10  5.090023208552e-10  2.946796260606e-09  2.845812448561e-09 
139  13  6  125.000000   0.220000   0.214621   0.040194   0.037318   0.054847   0.203654   0.210910   1.989412603766e-09  4.051512577737e-10  1.091138965823e-10  4.195871591255e-10  1.100129268191e-09  1.107100679109e-09 
160  13  7  125.000000   0.260000   0.252489   0.036259   0.037318   0.052032   1.005854   1.007199   2.676181979203e-10  2.691848280075e-10  1.392468643576e-11  2.695447430794e-10  4.519163414651e-10  4.949930642065e-10 
181  13  8  125.000000   0.300000   0.286746   nan   0.037318   nan   nan   nan   nan  nan  nan  nan  2.238772173694e-10  2.615023017867e-10 
202  13  9  125.000000   0.340000   nan   nan   0.037318   nan   nan   nan   nan  nan  nan  nan  nan  nan 
223  13  10  125.000000   0.380000   nan   nan   0.037318   nan   nan   nan   nan  nan  nan  nan  nan  nan 
244  13  11  125.000000   0.420000   nan   nan   0.037318   nan   nan   nan   nan  nan  nan  nan  nan  nan 
265  13  12  125.000000   0.460000   nan   nan   0.037318   nan   nan   nan   nan  nan  nan  nan  nan  nan 
286  13  13  125.000000   0.500000   nan   nan   0.037318   nan   nan   nan   nan  nan  nan  nan  nan  nan 
307  13  14  125.000000   0.540000   nan   nan   0.037318   nan   nan   nan   nan  nan  nan  nan  nan  nan 
328  13  15  125.000000   0.580000   nan   nan   0.037318   nan   nan   nan   nan  nan  nan  nan  nan  nan 
349  13  16  125.000000   0.620000   nan   nan   0.037318   nan   nan   nan   nan  nan  nan  nan  nan  nan 
370  13  17  125.000000   0.660000   nan   nan   0.037318   nan   nan   nan   nan  nan  nan  nan  nan  nan 
391  13  18  125.000000   0.700000   nan   nan   0.037318   nan   nan   nan   nan  nan  nan  nan  nan  nan 
412  13  19  125.000000   0.740000   nan   nan   0.037318   nan   nan   nan   nan  nan  nan  nan  nan  nan 
433  13  20  125.000000   0.780000   nan   nan   0.037318   nan   nan   nan   nan  nan  nan  nan  nan  nan 
454  13  21  125.000000   0.820000   nan   nan   0.037318   nan   nan   nan   nan  nan  nan  nan  nan  nan 
475  13  22  125.000000   0.860000   nan   nan   0.037318   nan   nan   nan   nan  nan  nan  nan  nan  nan 
496  13  23  125.000000   0.900000   nan   nan   0.037318   nan   nan   nan   nan  nan  nan  nan  nan  nan 
517  13  24  125.000000   0.940000   nan   nan   0.037318   nan   nan   nan   nan  nan  nan  nan  nan  nan 
538  13  25  125.000000   0.980000   nan   nan   0.037318   nan   nan   nan   nan  nan  nan  nan  nan  nan 
559  13  26  125.000000   1.020000   nan   nan   0.037318   nan   nan   nan   nan  nan  nan  nan  nan  nan 
580  13  27  125.000000   1.060000   nan   nan   0.037318   nan   nan   nan   nan  nan  nan  nan  nan  nan 
601  13  28  125.000000   1.100000   nan   nan   0.037318   nan   nan   nan   nan  nan  nan  nan  nan  nan 
622  13  29  125.000000   1.140000   nan   nan   0.037318   nan   nan   nan   nan  nan  nan  nan  nan  nan 
643  13  30  125.000000   1.180000   nan   nan   0.037318   nan   nan   nan   nan  nan  nan  nan  nan  nan 
35  14  1  135.000000   0.020000   0.032002   0.033325   0.037318   0.050032   0.114517   0.124969   6.078051262986e-07  6.960407896875e-08  3.040943482817e-08  7.595697160667e-08  6.458010414103e-07  6.291681086313e-07 
56  14  2  135.000000   0.060000   0.059755   0.038242   0.037318   0.053433   0.062104   0.081926   1.848582347619e-07  1.148040166706e-08  9.877493049597e-09  1.514478429631e-08  2.047778984013e-07  1.997133945852e-07 
77  14  3  135.000000   0.100000   0.096677   0.046083   0.037318   0.059298   0.068752   0.090791   4.013480238197e-08  2.759331790948e-09  2.379907646220e-09  3.643881493280e-09  4.112884263863e-08  3.810169090848e-08 
98  14  4  135.000000   0.140000   0.134581   0.046482   0.037318   0.059609   0.112520   0.127334   1.395716041521e-08  1.570456626484e-09  8.319744937730e-10  1.777221306972e-09  1.085540828987e-08  1.030295106405e-08 
119  14  5  135.000000   0.180000   0.171480   0.042349   0.037318   0.056446   0.271553   0.277357   6.979989754828e-09  1.895436462166e-09  3.939898349126e-10  1.935951283510e-09  3.434356938813e-09  3.372628330220e-09 
140  14  6  135.000000   0.220000   0.206390   0.038793   0.037318   0.053829   1.130328   1.131609   5.329677544528e-09  6.024285112247e-09  2.868896531600e-10  6.031112400439e-09  1.291954039510e-09  1.335942678507e-09 
161  14  7  135.000000   0.260000   nan   nan   0.037318   nan   nan   nan   nan  nan  nan  nan  nan  nan 
182  14  8  135.000000   0.300000   nan   nan   0.037318   nan   nan   nan   nan  nan  nan  nan  nan  nan 
203  14  9  135.000000   0.340000   nan   nan   0.037318   nan   nan   nan   nan  nan  nan  nan  nan  nan 
224  14  10  135.000000   0.380000   nan   nan   0.037318   nan   nan   nan   nan  nan  nan  nan  nan  nan 
245  14  11  135.000000   0.420000   nan   nan   0.037318   nan   nan   nan   nan  nan  nan  nan  nan  nan 
266  14  12  135.000000   0.460000   nan   nan   0.037318   nan   nan   nan   nan  nan  nan  nan  nan  nan 
287  14  13  135.000000   0.500000   nan   nan   0.037318   nan   nan   nan   nan  nan  nan  nan  nan  nan 
308  14  14  135.000000   0.540000   nan   nan   0.037318   nan   nan   nan   nan  nan  nan  nan  nan  nan 
329  14  15  135.000000   0.580000   nan   nan   0.037318   nan   nan   nan   nan  nan  nan  nan  nan  nan 
350  14  16  135.000000   0.620000   nan   nan   0.037318   nan   nan   nan   nan  nan  nan  nan  nan  nan 
371  14  17  135.000000   0.660000   nan   nan   0.037318   nan   nan   nan   nan  nan  nan  nan  nan  nan 
392  14  18  135.000000   0.700000   nan   nan   0.037318   nan   nan   nan   nan  nan  nan  nan  nan  nan 
413  14  19  135.000000   0.740000   nan   nan   0.037318   nan   nan   nan   nan  nan  nan  nan  nan  nan 
434  14  20  135.000000   0.780000   nan   nan   0.037318   nan   nan   nan   nan  nan  nan  nan  nan  nan 
455  14  21  135.000000   0.820000   nan   nan   0.037318   nan   nan   nan   nan  nan  nan  nan  nan  nan 
476  14  22  135.000000   0.860000   nan   nan   0.037318   nan   nan   nan   nan  nan  nan  nan  nan  nan 
497  14  23  135.000000   0.900000   nan   nan   0.037318   nan   nan   nan   nan  nan  nan  nan  nan  nan 
518  14  24  135.000000   0.940000   nan   nan   0.037318   nan   nan   nan   nan  nan  nan  nan  nan  nan 
539  14  25  135.000000   0.980000   nan   nan   0.037318   nan   nan   nan   nan  nan  nan  nan  nan  nan 
560  14  26  135.000000   1.020000   nan   nan   0.037318   nan   nan   nan   nan  nan  nan  nan  nan  nan 
581  14  27  135.000000   1.060000   nan   nan   0.037318   nan   nan   nan   nan  nan  nan  nan  nan  nan 
602  14  28  135.000000   1.100000   nan   nan   0.037318   nan   nan   nan   nan  nan  nan  nan  nan  nan 
623  14  29  135.000000   1.140000   nan   nan   0.037318   nan   nan   nan   nan  nan  nan  nan  nan  nan 
644  14  30  135.000000   1.180000   nan   nan   0.037318   nan   nan   nan   nan  nan  nan  nan  nan  nan 
36  15  1  145.000000   0.020000   0.032591   0.035016   0.037318   0.051174   0.130748   0.140406   6.350431695974e-07  8.303083495988e-08  3.249768186388e-08  8.916399991398e-08  6.486849306847e-07  6.045226054727e-07 
57  15  2  145.000000   0.060000   0.058651   0.035153   0.037318   0.051268   0.075062   0.090899   2.033163853218e-07  1.526134199159e-08  1.042353931330e-08  1.848130761608e-08  2.039240168739e-07  1.967189091164e-07 
78  15  3  145.000000   0.100000   0.094578   0.043433   0.037318   0.057263   0.102718   0.117601   6.292670677959e-08  6.463678074861e-09  3.603377028681e-09  7.400233798081e-09  4.485855338973e-08  4.258568264010e-08 
99  15  4  145.000000   0.140000   0.131027   0.042927   0.037318   0.056880   0.278039   0.283797   2.249960972789e-08  6.255764380342e-09  1.279781326110e-09  6.385329139913e-09  1.176592507612e-08  1.134737537741e-08 
120  15  5  145.000000   0.180000   0.162710   0.040755   0.037318   0.055259   1.463096   1.464139   2.164854022832e-07  3.167389733829e-07  1.196278390871e-08  3.169648016082e-07  4.203750492867e-09  4.322183130022e-09 
141  15  6  145.000000   0.220000   nan   nan   0.037318   nan   nan   nan   nan  nan  nan  nan  nan  nan 
162  15  7  145.000000   0.260000   nan   nan   0.037318   nan   nan   nan   nan  nan  nan  nan  nan  nan 
183  15  8  145.000000   0.300000   nan   nan   0.037318   nan   nan   nan   nan  nan  nan  nan  nan  nan 
204  15  9  145.000000   0.340000   nan   nan   0.037318   nan   nan   nan   nan  nan  nan  nan  nan  nan 
225  15  10  145.000000   0.380000   nan   nan   0.037318   nan   nan   nan   nan  nan  nan  nan  nan  nan 
246  15  11  145.000000   0.420000   nan   nan   0.037318   nan   nan   nan   nan  nan  nan  nan  nan  nan 
267  15  12  145.000000   0.460000   nan   nan   0.037318   nan   nan   nan   nan  nan  nan  nan  nan  nan 
288  15  13  145.000000   0.500000   nan   nan   0.037318   nan   nan   nan   nan  nan  nan  nan  nan  nan 
309  15  14  145.000000   0.540000   nan   nan   0.037318   nan   nan   nan   nan  nan  nan  nan  nan  nan 
330  15  15  145.000000   0.580000   nan   nan   0.037318   nan   nan   nan   nan  nan  nan  nan  nan  nan 
351  15  16  145.000000   0.620000   nan   nan   0.037318   nan   nan   nan   nan  nan  nan  nan  nan  nan 
372  15  17  145.000000   0.660000   nan   nan   0.037318   nan   nan   nan   nan  nan  nan  nan  nan  nan 
393  15  18  145.000000   0.700000   nan   nan   0.037318   nan   nan   nan   nan  nan  nan  nan  nan  nan 
414  15  19  145.000000   0.740000   nan   nan   0.037318   nan   nan   nan   nan  nan  nan  nan  nan  nan 
435  15  20  145.000000   0.780000   nan   nan   0.037318   nan   nan   nan   nan  nan  nan  nan  nan  nan 
456  15  21  145.000000   0.820000   nan   nan   0.037318   nan   nan   nan   nan  nan  nan  nan  nan  nan 
477  15  22  145.000000   0.860000   nan   nan   0.037318   nan   nan   nan   nan  nan  nan  nan  nan  nan 
498  15  23  145.000000   0.900000   nan   nan   0.037318   nan   nan   nan   nan  nan  nan  nan  nan  nan 
519  15  24  145.000000   0.940000   nan   nan   0.037318   nan   nan   nan   nan  nan  nan  nan  nan  nan 
540  15  25  145.000000   0.980000   nan   nan   0.037318   nan   nan   nan   nan  nan  nan  nan  nan  nan 
561  15  26  145.000000   1.020000   nan   nan   0.037318   nan   nan   nan   nan  nan  nan  nan  nan  nan 
582  15  27  145.000000   1.060000   nan   nan   0.037318   nan   nan   nan   nan  nan  nan  nan  nan  nan 
603  15  28  145.000000   1.100000   nan   nan   0.037318   nan   nan   nan   nan  nan  nan  nan  nan  nan 
624  15  29  145.000000   1.140000   nan   nan   0.037318   nan   nan   nan   nan  nan  nan  nan  nan  nan 
645  15  30  145.000000   1.180000   nan   nan   0.037318   nan   nan   nan   nan  nan  nan  nan  nan  nan 
37  16  1  155.000000   0.020000   0.031933   0.034033   0.037318   0.050506   0.153164   0.161276   5.933011641131e-07  9.087229276660e-08  2.996522990202e-08  9.568536249469e-08  6.358251352766e-07  6.120466305594e-07 
58  16  2  155.000000   0.060000   0.057133   0.034204   0.037318   0.050621   0.097643   0.109985   2.184164314727e-07  2.132690688599e-08  1.105653545107e-08  2.402257133415e-08  2.051682137236e-07  2.016399341834e-07 
79  16  3  155.000000   0.100000   0.091127   0.039321   0.037318   0.054211   0.182132   0.190029   8.448709257552e-08  1.538782593609e-08  4.580108306578e-09  1.605498611458e-08  5.113531639159e-08  4.812488625626e-08 
100  16  4  155.000000   0.140000   0.125297   0.037986   0.037318   0.053250   1.366835   1.367872   1.681354121764e-07  2.298134463641e-07  8.953252052431e-09  2.299877841366e-07  1.328349547386e-08  1.359114168519e-08 
121  16  5  155.000000   0.180000   nan   nan   0.037318   nan   nan   nan   nan  nan  nan  nan  nan  nan 
142  16  6  155.000000   0.220000   nan   nan   0.037318   nan   nan   nan   nan  nan  nan  nan  nan  nan 
163  16  7  155.000000   0.260000   nan   nan   0.037318   nan   nan   nan   nan  nan  nan  nan  nan  nan 
184  16  8  155.000000   0.300000   nan   nan   0.037318   nan   nan   nan   nan  nan  nan  nan  nan  nan 
205  16  9  155.000000   0.340000   nan   nan   0.037318   nan   nan   nan   nan  nan  nan  nan  nan  nan 
226  16  10  155.000000   0.380000   nan   nan   0.037318   nan   nan   nan   nan  nan  nan  nan  nan  nan 
247  16  11  155.000000   0.420000   nan   nan   0.037318   nan   nan   nan   nan  nan  nan  nan  nan  nan 
268  16  12  155.000000   0.460000   nan   nan   0.037318   nan   nan   nan   nan  nan  nan  nan  nan  nan 
289  16  13  155.000000   0.500000   nan   nan   0.037318   nan   nan   nan   nan  nan  nan  nan  nan  nan 
310  16  14  155.000000   0.540000   nan   nan   0.037318   nan   nan   nan   nan  nan  nan  nan  nan  nan 
331  16  15  155.000000   0.580000   nan   nan   0.037318   nan   nan   nan   nan  nan  nan  nan  nan  nan 
352  16  16  155.000000   0.620000   nan   nan   0.037318   nan   nan   nan   nan  nan  nan  nan  nan  nan 
373  16  17  155.000000   0.660000   nan   nan   0.037318   nan   nan   nan   nan  nan  nan  nan  nan  nan 
394  16  18  155.000000   0.700000   nan   nan   0.037318   nan   nan   nan   nan  nan  nan  nan  nan  nan 
415  16  19  155.000000   0.740000   nan   nan   0.037318   nan   nan   nan   nan  nan  nan  nan  nan  nan 
436  16  20  155.000000   0.780000   nan   nan   0.037318   nan   nan   nan   nan  nan  nan  nan  nan  nan 
457  16  21  155.000000   0.820000   nan   nan   0.037318   nan   nan   nan   nan  nan  nan  nan  nan  nan 
478  16  22  155.000000   0.860000   nan   nan   0.037318   nan   nan   nan   nan  nan  nan  nan  nan  nan 
499  16  23  155.000000   0.900000   nan   nan   0.037318   nan   nan   nan   nan  nan  nan  nan  nan  nan 
520  16  24  155.000000   0.940000   nan   nan   0.037318   nan   nan   nan   nan  nan  nan  nan  nan  nan 
541  16  25  155.000000   0.980000   nan   nan   0.037318   nan   nan   nan   nan  nan  nan  nan  nan  nan 
562  16  26  155.000000   1.020000   nan   nan   0.037318   nan   nan   nan   nan  nan  nan  nan  nan  nan 
583  16  27  155.000000   1.060000   nan   nan   0.037318   nan   nan   nan   nan  nan  nan  nan  nan  nan 
604  16  28  155.000000   1.100000   nan   nan   0.037318   nan   nan   nan   nan  nan  nan  nan  nan  nan 
625  16  29  155.000000   1.140000   nan   nan   0.037318   nan   nan   nan   nan  nan  nan  nan  nan  nan 
646  16  30  155.000000   1.180000   nan   nan   0.037318   nan   nan   nan   nan  nan  nan  nan  nan  nan 
38  17  1  165.000000   0.020000   0.031914   0.035046   0.037318   0.051194   0.192466   0.199158   5.547837994293e-07  1.067771034480e-07  2.840163995427e-08  1.104898319885e-07  6.381111389967e-07  6.076618416441e-07 
59  17  2  165.000000   0.060000   0.056259   0.031453   0.037318   0.048805   0.132111   0.140837   2.296678002975e-07  3.034157184045e-08  1.120893624295e-08  3.234580704586e-08  2.075280842802e-07  2.015362883653e-07 
80  17  3  165.000000   0.100000   0.088951   0.032835   0.037318   0.049707   0.367910   0.371253   1.520152530713e-07  5.592795271093e-08  7.556248188502e-09  5.643609466576e-08  5.268501308432e-08  5.063871889434e-08 
101  17  4  165.000000   0.140000   nan   nan   0.037318   nan   nan   nan   nan  nan  nan  nan  nan  nan 
122  17  5  165.000000   0.180000   nan   nan   0.037318   nan   nan   nan   nan  nan  nan  nan  nan  nan 
143  17  6  165.000000   0.220000   nan   nan   0.037318   nan   nan   nan   nan  nan  nan  nan  nan  nan 
164  17  7  165.000000   0.260000   nan   nan   0.037318   nan   nan   nan   nan  nan  nan  nan  nan  nan 
185  17  8  165.000000   0.300000   nan   nan   0.037318   nan   nan   nan   nan  nan  nan  nan  nan  nan 
206  17  9  165.000000   0.340000   nan   nan   0.037318   nan   nan   nan   nan  nan  nan  nan  nan  nan 
227  17  10  165.000000   0.380000   nan   nan   0.037318   nan   nan   nan   nan  nan  nan  nan  nan  nan 
248  17  11  165.000000   0.420000   nan   nan   0.037318   nan   nan   nan   nan  nan  nan  nan  nan  nan 
269  17  12  165.000000   0.460000   nan   nan   0.037318   nan   nan   nan   nan  nan  nan  nan  nan  nan 
290  17  13  165.000000   0.500000   nan   nan   0.037318   nan   nan   nan   nan  nan  nan  nan  nan  nan 
311  17  14  165.000000   0.540000   nan   nan   0.037318   nan   nan   nan   nan  nan  nan  nan  nan  nan 
332  17  15  165.000000   0.580000   nan   nan   0.037318   nan   nan   nan   nan  nan  nan  nan  nan  nan 
353  17  16  165.000000   0.620000   nan   nan   0.037318   nan   nan   nan   nan  nan  nan  nan  nan  nan 
374  17  17  165.000000   0.660000   nan   nan   0.037318   nan   nan   nan   nan  nan  nan  nan  nan  nan 
395  17  18  165.000000   0.700000   nan   nan   0.037318   nan   nan   nan   nan  nan  nan  nan  nan  nan 
416  17  19  165.000000   0.740000   nan   nan   0.037318   nan   nan   nan   nan  nan  nan  nan  nan  nan 
437  17  20  165.000000   0.780000   nan   nan   0.037318   nan   nan   nan   nan  nan  nan  nan  nan  nan 
458  17  21  165.000000   0.820000   nan   nan   0.037318   nan   nan   nan   nan  nan  nan  nan  nan  nan 
479  17  22  165.000000   0.860000   nan   nan   0.037318   nan   nan   nan   nan  nan  nan  nan  nan  nan 
500  17  23  165.000000   0.900000   nan   nan   0.037318   nan   nan   nan   nan  nan  nan  nan  nan  nan 
521  17  24  165.000000   0.940000   nan   nan   0.037318   nan   nan   nan   nan  nan  nan  nan  nan  nan 
542  17  25  165.000000   0.980000   nan   nan   0.037318   nan   nan   nan   nan  nan  nan  nan  nan  nan 
563  17  26  165.000000   1.020000   nan   nan   0.037318   nan   nan   nan   nan  nan  nan  nan  nan  nan 
584  17  27  165.000000   1.060000   nan   nan   0.037318   nan   nan   nan   nan  nan  nan  nan  nan  nan 
605  17  28  165.000000   1.100000   nan   nan   0.037318   nan   nan   nan   nan  nan  nan  nan  nan  nan 
626  17  29  165.000000   1.140000   nan   nan   0.037318   nan   nan   nan   nan  nan  nan  nan  nan  nan 
647  17  30  165.000000   1.180000   nan   nan   0.037318   nan   nan   nan   nan  nan  nan  nan  nan  nan 
39  18  1  175.000000   0.020000   0.031989   0.034571   0.037318   0.050871   0.343652   0.347397   6.098050174348e-07  2.095608176196e-07  3.102112547253e-08  2.118443922009e-07  6.204066163431e-07  6.054935590399e-07 
60  18  2  175.000000   0.060000   0.055696   0.029232   0.037318   0.047404   0.249905   0.254361   2.654374570638e-07  6.633415641431e-08  1.258276271519e-08  6.751700692970e-08  2.155446092717e-07  2.081790150025e-07 
81  18  3  175.000000   0.100000   0.083657   0.024685   0.037318   0.044743   1.385628   1.386350   1.416186818122e-06  1.962308205363e-06  6.336499107433e-08  1.963330999839e-06  5.796769682747e-08  6.210427011598e-08 
102  18  4  175.000000   0.140000   nan   nan   0.037318   nan   nan   nan   nan  nan  nan  nan  nan  nan 
123  18  5  175.000000   0.180000   nan   nan   0.037318   nan   nan   nan   nan  nan  nan  nan  nan  nan 
144  18  6  175.000000   0.220000   nan   nan   0.037318   nan   nan   nan   nan  nan  nan  nan  nan  nan 
165  18  7  175.000000   0.260000   nan   nan   0.037318   nan   nan   nan   nan  nan  nan  nan  nan  nan 
186  18  8  175.000000   0.300000   nan   nan   0.037318   nan   nan   nan   nan  nan  nan  nan  nan  nan 
207  18  9  175.000000   0.340000   nan   nan   0.037318   nan   nan   nan   nan  nan  nan  nan  nan  nan 
228  18  10  175.000000   0.380000   nan   nan   0.037318   nan   nan   nan   nan  nan  nan  nan  nan  nan 
249  18  11  175.000000   0.420000   nan   nan   0.037318   nan   nan   nan   nan  nan  nan  nan  nan  nan 
270  18  12  175.000000   0.460000   nan   nan   0.037318   nan   nan   nan   nan  nan  nan  nan  nan  nan 
291  18  13  175.000000   0.500000   nan   nan   0.037318   nan   nan   nan   nan  nan  nan  nan  nan  nan 
312  18  14  175.000000   0.540000   nan   nan   0.037318   nan   nan   nan   nan  nan  nan  nan  nan  nan 
333  18  15  175.000000   0.580000   nan   nan   0.037318   nan   nan   nan   nan  nan  nan  nan  nan  nan 
354  18  16  175.000000   0.620000   nan   nan   0.037318   nan   nan   nan   nan  nan  nan  nan  nan  nan 
375  18  17  175.000000   0.660000   nan   nan   0.037318   nan   nan   nan   nan  nan  nan  nan  nan  nan 
396  18  18  175.000000   0.700000   nan   nan   0.037318   nan   nan   nan   nan  nan  nan  nan  nan  nan 
417  18  19  175.000000   0.740000   nan   nan   0.037318   nan   nan   nan   nan  nan  nan  nan  nan  nan 
438  18  20  175.000000   0.780000   nan   nan   0.037318   nan   nan   nan   nan  nan  nan  nan  nan  nan 
459  18  21  175.000000   0.820000   nan   nan   0.037318   nan   nan   nan   nan  nan  nan  nan  nan  nan 
480  18  22  175.000000   0.860000   nan   nan   0.037318   nan   nan   nan   nan  nan  nan  nan  nan  nan 
501  18  23  175.000000   0.900000   nan   nan   0.037318   nan   nan   nan   nan  nan  nan  nan  nan  nan 
522  18  24  175.000000   0.940000   nan   nan   0.037318   nan   nan   nan   nan  nan  nan  nan  nan  nan 
543  18  25  175.000000   0.980000   nan   nan   0.037318   nan   nan   nan   nan  nan  nan  nan  nan  nan 
564  18  26  175.000000   1.020000   nan   nan   0.037318   nan   nan   nan   nan  nan  nan  nan  nan  nan 
585  18  27  175.000000   1.060000   nan   nan   0.037318   nan   nan   nan   nan  nan  nan  nan  nan  nan 
606  18  28  175.000000   1.100000   nan   nan   0.037318   nan   nan   nan   nan  nan  nan  nan  nan  nan 
627  18  29  175.000000   1.140000   nan   nan   0.037318   nan   nan   nan   nan  nan  nan  nan  nan  nan 
648  18  30  175.000000   1.180000   nan   nan   0.037318   nan   nan   nan   nan  nan  nan  nan  nan  nan 
40  19  1  185.000000   0.020000   nan   nan   0.037318   nan   nan   nan   nan  nan  nan  nan  nan  nan 
61  19  2  185.000000   0.060000   nan   nan   0.037318   nan   nan   nan   nan  nan  nan  nan  nan  nan 
82  19  3  185.000000   0.100000   nan   nan   0.037318   nan   nan   nan   nan  nan  nan  nan  nan  nan 
103  19  4  185.000000   0.140000   nan   nan   0.037318   nan   nan   nan   nan  nan  nan  nan  nan  nan 
124  19  5  185.000000   0.180000   nan   nan   0.037318   nan   nan   nan   nan  nan  nan  nan  nan  nan 
145  19  6  185.000000   0.220000   nan   nan   0.037318   nan   nan   nan   nan  nan  nan  nan  nan  nan 
166  19  7  185.000000   0.260000   nan   nan   0.037318   nan   nan   nan   nan  nan  nan  nan  nan  nan 
187  19  8  185.000000   0.300000   nan   nan   0.037318   nan   nan   nan   nan  nan  nan  nan  nan  nan 
208  19  9  185.000000   0.340000   nan   nan   0.037318   nan   nan   nan   nan  nan  nan  nan  nan  nan 
229  19  10  185.000000   0.380000   nan   nan   0.037318   nan   nan   nan   nan  nan  nan  nan  nan  nan 
250  19  11  185.000000   0.420000   nan   nan   0.037318   nan   nan   nan   nan  nan  nan  nan  nan  nan 
271  19  12  185.000000   0.460000   nan   nan   0.037318   nan   nan   nan   nan  nan  nan  nan  nan  nan 
292  19  13  185.000000   0.500000   nan   nan   0.037318   nan   nan   nan   nan  nan  nan  nan  nan  nan 
313  19  14  185.000000   0.540000   nan   nan   0.037318   nan   nan   nan   nan  nan  nan  nan  nan  nan 
334  19  15  185.000000   0.580000   nan   nan   0.037318   nan   nan   nan   nan  nan  nan  nan  nan  nan 
355  19  16  185.000000   0.620000   nan   nan   0.037318   nan   nan   nan   nan  nan  nan  nan  nan  nan 
376  19  17  185.000000   0.660000   nan   nan   0.037318   nan   nan   nan   nan  nan  nan  nan  nan  nan 
397  19  18  185.000000   0.700000   nan   nan   0.037318   nan   nan   nan   nan  nan  nan  nan  nan  nan 
418  19  19  185.000000   0.740000   nan   nan   0.037318   nan   nan   nan   nan  nan  nan  nan  nan  nan 
439  19  20  185.000000   0.780000   nan   nan   0.037318   nan   nan   nan   nan  nan  nan  nan  nan  nan 
460  19  21  185.000000   0.820000   nan   nan   0.037318   nan   nan   nan   nan  nan  nan  nan  nan  nan 
481  19  22  185.000000   0.860000   nan   nan   0.037318   nan   nan   nan   nan  nan  nan  nan  nan  nan 
502  19  23  185.000000   0.900000   nan   nan   0.037318   nan   nan   nan   nan  nan  nan  nan  nan  nan 
523  19  24  185.000000   0.940000   nan   nan   0.037318   nan   nan   nan   nan  nan  nan  nan  nan  nan 
544  19  25  185.000000   0.980000   nan   nan   0.037318   nan   nan   nan   nan  nan  nan  nan  nan  nan 
565  19  26  185.000000   1.020000   nan   nan   0.037318   nan   nan   nan   nan  nan  nan  nan  nan  nan 
586  19  27  185.000000   1.060000   nan   nan   0.037318   nan   nan   nan   nan  nan  nan  nan  nan  nan 
607  19  28  185.000000   1.100000   nan   nan   0.037318   nan   nan   nan   nan  nan  nan  nan  nan  nan 
628  19  29  185.000000   1.140000   nan   nan   0.037318   nan   nan   nan   nan  nan  nan  nan  nan  nan 
649  19  30  185.000000   1.180000   nan   nan   0.037318   nan   nan   nan   nan  nan  nan  nan  nan  nan 
