# Laget Cross Section Results at the Averaged Kinematics
# averaged kinematic varibles used as input to calculate the cross section
# kinematics: Ei, Q2, omega, th_pq_cm, phi_pq
#
#\ xb = th_nq
#\ yb = pm
# current header line:
#! i_b[i,0]/ i_x[i,1]/ i_y[i,2]/ xb[f,3]/ yb[f,4]/ pwiaXsec[f,5]/ pwiaGEp[f,6]/ pwiaGMp[f,7]/ pwia_sigMott[f,8]/ pwia_Ksig_cc1[f,9]/ fsiXsec[f,10]/ fsiGEp[f,11]/ fsiGMp[f,12]/ fsi_sigMott[f,13]/ fsi_Ksig_cc1[f,14]/ 
22 1 1 5.0 0.02 -1.0 -1.0 -1.0 -1.0 -1.0 -1.0 -1.0 -1.0 -1.0 -1.0 
43 1 2 5.0 0.06 -1.0 -1.0 -1.0 -1.0 -1.0 -1.0 -1.0 -1.0 -1.0 -1.0 
64 1 3 5.0 0.1 -1.0 -1.0 -1.0 -1.0 -1.0 -1.0 -1.0 -1.0 -1.0 -1.0 
85 1 4 5.0 0.14 -1.0 -1.0 -1.0 -1.0 -1.0 -1.0 -1.0 -1.0 -1.0 -1.0 
106 1 5 5.0 0.18 -1.0 -1.0 -1.0 -1.0 -1.0 -1.0 -1.0 -1.0 -1.0 -1.0 
127 1 6 5.0 0.22 -1.0 -1.0 -1.0 -1.0 -1.0 -1.0 -1.0 -1.0 -1.0 -1.0 
148 1 7 5.0 0.26 -1.0 -1.0 -1.0 -1.0 -1.0 -1.0 -1.0 -1.0 -1.0 -1.0 
169 1 8 5.0 0.3 -1.0 -1.0 -1.0 -1.0 -1.0 -1.0 -1.0 -1.0 -1.0 -1.0 
190 1 9 5.0 0.34 -1.0 -1.0 -1.0 -1.0 -1.0 -1.0 -1.0 -1.0 -1.0 -1.0 
211 1 10 5.0 0.38 -1.0 -1.0 -1.0 -1.0 -1.0 -1.0 -1.0 -1.0 -1.0 -1.0 
232 1 11 5.0 0.42 -1.0 -1.0 -1.0 -1.0 -1.0 -1.0 -1.0 -1.0 -1.0 -1.0 
253 1 12 5.0 0.46 -1.0 -1.0 -1.0 -1.0 -1.0 -1.0 -1.0 -1.0 -1.0 -1.0 
274 1 13 5.0 0.5 -1.0 -1.0 -1.0 -1.0 -1.0 -1.0 -1.0 -1.0 -1.0 -1.0 
295 1 14 5.0 0.54 -1.0 -1.0 -1.0 -1.0 -1.0 -1.0 -1.0 -1.0 -1.0 -1.0 
316 1 15 5.0 0.58 -1.0 -1.0 -1.0 -1.0 -1.0 -1.0 -1.0 -1.0 -1.0 -1.0 
337 1 16 5.0 0.62 -1.0 -1.0 -1.0 -1.0 -1.0 -1.0 -1.0 -1.0 -1.0 -1.0 
358 1 17 5.0 0.66 -1.0 -1.0 -1.0 -1.0 -1.0 -1.0 -1.0 -1.0 -1.0 -1.0 
379 1 18 5.0 0.7 -1.0 -1.0 -1.0 -1.0 -1.0 -1.0 -1.0 -1.0 -1.0 -1.0 
400 1 19 5.0 0.74 -1.0 -1.0 -1.0 -1.0 -1.0 -1.0 -1.0 -1.0 -1.0 -1.0 
421 1 20 5.0 0.78 -1.0 -1.0 -1.0 -1.0 -1.0 -1.0 -1.0 -1.0 -1.0 -1.0 
442 1 21 5.0 0.82 -1.0 -1.0 -1.0 -1.0 -1.0 -1.0 -1.0 -1.0 -1.0 -1.0 
463 1 22 5.0 0.86 -1.0 -1.0 -1.0 -1.0 -1.0 -1.0 -1.0 -1.0 -1.0 -1.0 
484 1 23 5.0 0.9 -1.0 -1.0 -1.0 -1.0 -1.0 -1.0 -1.0 -1.0 -1.0 -1.0 
505 1 24 5.0 0.94 -1.0 -1.0 -1.0 -1.0 -1.0 -1.0 -1.0 -1.0 -1.0 -1.0 
526 1 25 5.0 0.98 -1.0 -1.0 -1.0 -1.0 -1.0 -1.0 -1.0 -1.0 -1.0 -1.0 
547 1 26 5.0 1.02 -1.0 -1.0 -1.0 -1.0 -1.0 -1.0 -1.0 -1.0 -1.0 -1.0 
568 1 27 5.0 1.06 -1.0 -1.0 -1.0 -1.0 -1.0 -1.0 -1.0 -1.0 -1.0 -1.0 
589 1 28 5.0 1.1 -1.0 -1.0 -1.0 -1.0 -1.0 -1.0 -1.0 -1.0 -1.0 -1.0 
610 1 29 5.0 1.14 -1.0 -1.0 -1.0 -1.0 -1.0 -1.0 -1.0 -1.0 -1.0 -1.0 
631 1 30 5.0 1.18 -1.0 -1.0 -1.0 -1.0 -1.0 -1.0 -1.0 -1.0 -1.0 -1.0 
23 2 1 15.0 0.02 -1.0 -1.0 -1.0 -1.0 -1.0 -1.0 -1.0 -1.0 -1.0 -1.0 
44 2 2 15.0 0.06 -1.0 -1.0 -1.0 -1.0 -1.0 -1.0 -1.0 -1.0 -1.0 -1.0 
65 2 3 15.0 0.1 -1.0 -1.0 -1.0 -1.0 -1.0 -1.0 -1.0 -1.0 -1.0 -1.0 
86 2 4 15.0 0.14 -1.0 -1.0 -1.0 -1.0 -1.0 -1.0 -1.0 -1.0 -1.0 -1.0 
107 2 5 15.0 0.18 -1.0 -1.0 -1.0 -1.0 -1.0 -1.0 -1.0 -1.0 -1.0 -1.0 
128 2 6 15.0 0.22 -1.0 -1.0 -1.0 -1.0 -1.0 -1.0 -1.0 -1.0 -1.0 -1.0 
149 2 7 15.0 0.26 -1.0 -1.0 -1.0 -1.0 -1.0 -1.0 -1.0 -1.0 -1.0 -1.0 
170 2 8 15.0 0.3 -1.0 -1.0 -1.0 -1.0 -1.0 -1.0 -1.0 -1.0 -1.0 -1.0 
191 2 9 15.0 0.34 -1.0 -1.0 -1.0 -1.0 -1.0 -1.0 -1.0 -1.0 -1.0 -1.0 
212 2 10 15.0 0.38 -1.0 -1.0 -1.0 -1.0 -1.0 -1.0 -1.0 -1.0 -1.0 -1.0 
233 2 11 15.0 0.42 -1.0 -1.0 -1.0 -1.0 -1.0 -1.0 -1.0 -1.0 -1.0 -1.0 
254 2 12 15.0 0.46 -1.0 -1.0 -1.0 -1.0 -1.0 -1.0 -1.0 -1.0 -1.0 -1.0 
275 2 13 15.0 0.5 -1.0 -1.0 -1.0 -1.0 -1.0 -1.0 -1.0 -1.0 -1.0 -1.0 
296 2 14 15.0 0.54 -1.0 -1.0 -1.0 -1.0 -1.0 -1.0 -1.0 -1.0 -1.0 -1.0 
317 2 15 15.0 0.58 5.691965094171e-08 0.022582 0.058907 0.391224 2856.511164 -1.0 -1.0 -1.0 -1.0 -1.0 
338 2 16 15.0 0.62 4.296576665586e-08 0.021792 0.056546 0.371879 2573.265822 2.68362665561e-08 0.021668 0.056177 0.36916 2527.664422 
359 2 17 15.0 0.66 2.850372468892e-08 0.020743 0.053423 0.347283 2211.990603 1.938949302935e-08 0.020843 0.053719 0.349523 2249.124317 
380 2 18 15.0 0.7 1.910833670805e-08 0.01988 0.050866 0.327141 1940.780359 1.236536564594e-08 0.019835 0.050732 0.32612 1927.694107 
401 2 19 15.0 0.74 1.251177764732e-08 0.019028 0.048347 0.30758 1693.480366 7.92186589266e-09 0.01894 0.048089 0.30553 1669.584708 
422 2 20 15.0 0.78 7.876855525249e-09 0.018205 0.04593 0.288953 1473.500017 5.22934699628e-09 0.018224 0.045985 0.289441 1476.419208 
443 2 21 15.0 0.82 5.27212242079e-09 0.017659 0.044331 0.276846 1333.597066 3.490520629752e-09 0.017623 0.044224 0.276049 1325.043158 
464 2 22 15.0 0.86 3.604680765516e-09 0.017259 0.043161 0.26805 1234.04168 2.511882532832e-09 0.017244 0.043119 0.267684 1231.067887 
485 2 23 15.0 0.9 -1.0 -1.0 -1.0 -1.0 -1.0 -1.0 -1.0 -1.0 -1.0 -1.0 
506 2 24 15.0 0.94 -1.0 -1.0 -1.0 -1.0 -1.0 -1.0 -1.0 -1.0 -1.0 -1.0 
527 2 25 15.0 0.98 -1.0 -1.0 -1.0 -1.0 -1.0 -1.0 -1.0 -1.0 -1.0 -1.0 
548 2 26 15.0 1.02 -1.0 -1.0 -1.0 -1.0 -1.0 -1.0 -1.0 -1.0 -1.0 -1.0 
569 2 27 15.0 1.06 -1.0 -1.0 -1.0 -1.0 -1.0 -1.0 -1.0 -1.0 -1.0 -1.0 
590 2 28 15.0 1.1 -1.0 -1.0 -1.0 -1.0 -1.0 -1.0 -1.0 -1.0 -1.0 -1.0 
611 2 29 15.0 1.14 -1.0 -1.0 -1.0 -1.0 -1.0 -1.0 -1.0 -1.0 -1.0 -1.0 
632 2 30 15.0 1.18 -1.0 -1.0 -1.0 -1.0 -1.0 -1.0 -1.0 -1.0 -1.0 -1.0 
24 3 1 25.0 0.02 -1.0 -1.0 -1.0 -1.0 -1.0 -1.0 -1.0 -1.0 -1.0 -1.0 
45 3 2 25.0 0.06 -1.0 -1.0 -1.0 -1.0 -1.0 -1.0 -1.0 -1.0 -1.0 -1.0 
66 3 3 25.0 0.1 -1.0 -1.0 -1.0 -1.0 -1.0 -1.0 -1.0 -1.0 -1.0 -1.0 
87 3 4 25.0 0.14 -1.0 -1.0 -1.0 -1.0 -1.0 -1.0 -1.0 -1.0 -1.0 -1.0 
108 3 5 25.0 0.18 -1.0 -1.0 -1.0 -1.0 -1.0 -1.0 -1.0 -1.0 -1.0 -1.0 
129 3 6 25.0 0.22 -1.0 -1.0 -1.0 -1.0 -1.0 -1.0 -1.0 -1.0 -1.0 -1.0 
150 3 7 25.0 0.26 -1.0 -1.0 -1.0 -1.0 -1.0 -1.0 -1.0 -1.0 -1.0 -1.0 
171 3 8 25.0 0.3 -1.0 -1.0 -1.0 -1.0 -1.0 -1.0 -1.0 -1.0 -1.0 -1.0 
192 3 9 25.0 0.34 -1.0 -1.0 -1.0 -1.0 -1.0 -1.0 -1.0 -1.0 -1.0 -1.0 
213 3 10 25.0 0.38 -1.0 -1.0 -1.0 -1.0 -1.0 -1.0 -1.0 -1.0 -1.0 -1.0 
234 3 11 25.0 0.42 -1.0 -1.0 -1.0 -1.0 -1.0 -1.0 -1.0 -1.0 -1.0 -1.0 
255 3 12 25.0 0.46 -1.0 -1.0 -1.0 -1.0 -1.0 -1.0 -1.0 -1.0 -1.0 -1.0 
276 3 13 25.0 0.5 1.415688817137e-07 0.025683 0.068232 0.461856 4505.287291 1.034887487116e-07 0.025636 0.06809 0.460967 4476.165317 
297 3 14 25.0 0.54 1.000234387838e-07 0.024699 0.065264 0.437444 4033.701311 7.278292627335e-08 0.024656 0.065134 0.436375 4009.949632 
318 3 15 25.0 0.58 7.033564506786e-08 0.023754 0.06242 0.414263 3598.062341 5.042031898213e-08 0.02375 0.062408 0.414066 3601.119876 
339 3 16 25.0 0.62 4.803302753128e-08 0.022822 0.059625 0.391513 3200.043466 3.380429936934e-08 0.022846 0.059698 0.392062 3212.993258 
360 3 17 25.0 0.66 3.217800976314e-08 0.021878 0.056803 0.368701 2824.65307 2.206921099594e-08 0.021869 0.056776 0.368498 2819.70125 
381 3 18 25.0 0.7 2.103980182007e-08 0.020936 0.053998 0.346353 2470.144667 1.424549676428e-08 0.020952 0.054043 0.346622 2478.732024 
402 3 19 25.0 0.74 1.355690863437e-08 0.020082 0.051463 0.326257 2175.407652 9.046100688513e-09 0.020107 0.051536 0.326762 2185.29433 
423 3 20 25.0 0.78 8.713187956399e-09 0.019339 0.049267 0.309023 1934.656683 5.725620098531e-09 0.019352 0.049305 0.309233 1940.491918 
444 3 21 25.0 0.82 5.526950147412e-09 0.018762 0.047566 0.295709 1756.072591 3.628199989246e-09 0.018779 0.047616 0.29604 1761.680455 
465 3 22 25.0 0.86 3.537412661873e-09 0.018362 0.04639 0.286348 1634.580699 2.347135555693e-09 0.018373 0.046422 0.286541 1638.55475 
486 3 23 25.0 0.9 2.207897141221e-09 0.018073 0.045542 0.279293 1547.069341 1.524170730292e-09 0.018089 0.045588 0.279627 1550.759881 
507 3 24 25.0 0.94 1.332021702908e-09 0.017865 0.044933 0.273934 1479.659368 9.801379772678e-10 0.017868 0.044942 0.273984 1480.252429 
528 3 25 25.0 0.98 7.90543339186e-10 0.017701 0.044454 0.269456 1418.309975 6.507755821607e-10 0.017713 0.04449 0.269726 1418.577076 
549 3 26 25.0 1.02 4.399319833422e-10 0.017587 0.044122 0.266037 1362.985971 4.229643225054e-10 0.017593 0.044138 0.266174 1363.791496 
570 3 27 25.0 1.06 2.334290794427e-10 0.017464 0.043761 0.262299 1312.530713 2.787532822663e-10 0.017468 0.043774 0.262499 1313.672277 
591 3 28 25.0 1.1 -1.0 -1.0 -1.0 -1.0 -1.0 -1.0 -1.0 -1.0 -1.0 -1.0 
612 3 29 25.0 1.14 -1.0 -1.0 -1.0 -1.0 -1.0 -1.0 -1.0 -1.0 -1.0 -1.0 
633 3 30 25.0 1.18 -1.0 -1.0 -1.0 -1.0 -1.0 -1.0 -1.0 -1.0 -1.0 -1.0 
25 4 1 35.0 0.02 -1.0 -1.0 -1.0 -1.0 -1.0 -1.0 -1.0 -1.0 -1.0 -1.0 
46 4 2 35.0 0.06 -1.0 -1.0 -1.0 -1.0 -1.0 -1.0 -1.0 -1.0 -1.0 -1.0 
67 4 3 35.0 0.1 -1.0 -1.0 -1.0 -1.0 -1.0 -1.0 -1.0 -1.0 -1.0 -1.0 
88 4 4 35.0 0.14 -1.0 -1.0 -1.0 -1.0 -1.0 -1.0 -1.0 -1.0 -1.0 -1.0 
109 4 5 35.0 0.18 -1.0 -1.0 -1.0 -1.0 -1.0 -1.0 -1.0 -1.0 -1.0 -1.0 
130 4 6 35.0 0.22 -1.0 -1.0 -1.0 -1.0 -1.0 -1.0 -1.0 -1.0 -1.0 -1.0 
151 4 7 35.0 0.26 -1.0 -1.0 -1.0 -1.0 -1.0 -1.0 -1.0 -1.0 -1.0 -1.0 
172 4 8 35.0 0.3 -1.0 -1.0 -1.0 -1.0 -1.0 -1.0 -1.0 -1.0 -1.0 -1.0 
193 4 9 35.0 0.34 -1.0 -1.0 -1.0 -1.0 -1.0 -1.0 -1.0 -1.0 -1.0 -1.0 
214 4 10 35.0 0.38 -1.0 -1.0 -1.0 -1.0 -1.0 -1.0 -1.0 -1.0 -1.0 -1.0 
235 4 11 35.0 0.42 -1.0 -1.0 -1.0 -1.0 -1.0 -1.0 -1.0 -1.0 -1.0 -1.0 
256 4 12 35.0 0.46 -1.0 -1.0 -1.0 -1.0 -1.0 -1.0 -1.0 -1.0 -1.0 -1.0 
277 4 13 35.0 0.5 1.415074558738e-07 0.025987 0.069152 0.464279 4919.735499 1.203534615327e-07 0.025956 0.069057 0.462171 4960.127403 
298 4 14 35.0 0.54 1.010186711411e-07 0.025065 0.066366 0.440298 4478.327928 8.510289010436e-08 0.025095 0.066456 0.441085 4493.330732 
319 4 15 35.0 0.58 7.218657797542e-08 0.024335 0.064167 0.421495 4146.602382 6.112209327323e-08 0.024352 0.064219 0.421786 4160.785314 
340 4 16 35.0 0.62 5.091614599245e-08 0.023718 0.062313 0.405891 3866.828548 4.333455584967e-08 0.023759 0.062434 0.406578 3897.093801 
361 4 17 35.0 0.66 3.530437629957e-08 0.023134 0.060559 0.391 3608.453557 3.010900979064e-08 0.023162 0.060642 0.391379 3630.588829 
382 4 18 35.0 0.7 2.382371241892e-08 0.022479 0.058597 0.374419 3323.351101 2.060019256992e-08 0.02255 0.058811 0.375828 3361.31745 
403 4 19 35.0 0.74 1.570360571002e-08 0.021809 0.056597 0.357655 3037.980812 1.366913400035e-08 0.02189 0.056837 0.359185 3079.492531 
424 4 20 35.0 0.78 1.004637214205e-08 0.021122 0.05455 0.340623 2758.178045 8.881049243332e-09 0.021217 0.054832 0.342448 2802.905279 
445 4 21 35.0 0.82 6.352949775309e-09 0.020492 0.052679 0.325127 2513.590287 5.716248890805e-09 0.020622 0.053062 0.327635 2568.90356 
466 4 22 35.0 0.86 3.948079979433e-09 0.01998 0.05116 0.312368 2323.753939 3.617937758792e-09 0.020112 0.05155 0.314901 2375.50914 
487 4 23 35.0 0.9 2.394562275708e-09 0.019557 0.049909 0.301658 2170.202237 2.27696832577e-09 0.019692 0.050309 0.3042 2221.146317 
508 4 24 35.0 0.94 1.429801646513e-09 0.019238 0.048969 0.293203 2056.328116 1.435665129372e-09 0.01937 0.049358 0.295624 2103.798787 
529 4 25 35.0 0.98 8.275110753404e-10 0.018978 0.048202 0.285971 1962.832523 8.986213906443e-10 0.01913 0.04865 0.288741 2015.402772 
550 4 26 35.0 1.02 4.642686965627e-10 0.018799 0.047674 0.280258 1896.672291 5.573048335841e-10 0.018929 0.048058 0.282642 1939.625934 
571 4 27 35.0 1.06 2.44860889523e-10 0.018637 0.047198 0.274924 1836.832915 3.383871274701e-10 0.018748 0.047523 0.276869 1872.541225 
592 4 28 35.0 1.1 1.220219239285e-10 0.0185 0.046796 0.269946 1787.177849 2.032614268877e-10 0.018609 0.047115 0.271911 1819.668963 
613 4 29 35.0 1.14 5.52152742728e-11 0.018395 0.046486 0.265537 1748.275011 1.195342035945e-10 0.018507 0.046817 0.267709 1777.415947 
634 4 30 35.0 1.18 2.289362676979e-11 0.018344 0.046338 0.26236 1725.212702 7.112077989397e-11 0.018427 0.04658 0.263987 1745.010549 
26 5 1 45.0 0.02 -1.0 -1.0 -1.0 -1.0 -1.0 -1.0 -1.0 -1.0 -1.0 -1.0 
47 5 2 45.0 0.06 -1.0 -1.0 -1.0 -1.0 -1.0 -1.0 -1.0 -1.0 -1.0 -1.0 
68 5 3 45.0 0.1 -1.0 -1.0 -1.0 -1.0 -1.0 -1.0 -1.0 -1.0 -1.0 -1.0 
89 5 4 45.0 0.14 -1.0 -1.0 -1.0 -1.0 -1.0 -1.0 -1.0 -1.0 -1.0 -1.0 
110 5 5 45.0 0.18 -1.0 -1.0 -1.0 -1.0 -1.0 -1.0 -1.0 -1.0 -1.0 -1.0 
131 5 6 45.0 0.22 -1.0 -1.0 -1.0 -1.0 -1.0 -1.0 -1.0 -1.0 -1.0 -1.0 
152 5 7 45.0 0.26 -1.0 -1.0 -1.0 -1.0 -1.0 -1.0 -1.0 -1.0 -1.0 -1.0 
173 5 8 45.0 0.3 -1.0 -1.0 -1.0 -1.0 -1.0 -1.0 -1.0 -1.0 -1.0 -1.0 
194 5 9 45.0 0.34 -1.0 -1.0 -1.0 -1.0 -1.0 -1.0 -1.0 -1.0 -1.0 -1.0 
215 5 10 45.0 0.38 -1.0 -1.0 -1.0 -1.0 -1.0 -1.0 -1.0 -1.0 -1.0 -1.0 
236 5 11 45.0 0.42 -1.0 -1.0 -1.0 -1.0 -1.0 -1.0 -1.0 -1.0 -1.0 -1.0 
257 5 12 45.0 0.46 -1.0 -1.0 -1.0 -1.0 -1.0 -1.0 -1.0 -1.0 -1.0 -1.0 
278 5 13 45.0 0.5 -1.0 -1.0 -1.0 -1.0 -1.0 -1.0 -1.0 -1.0 -1.0 -1.0 
299 5 14 45.0 0.54 1.023465330852e-07 0.02574 0.068403 0.448586 5159.332258 1.116138851492e-07 0.025986 0.069149 0.454118 5325.097282 
320 5 15 45.0 0.58 7.444325032764e-08 0.025145 0.066608 0.431927 4884.521963 7.838461842036e-08 0.025102 0.066476 0.430613 4866.792128 
341 5 16 45.0 0.62 5.278271020833e-08 0.024547 0.064805 0.415746 4603.060129 5.777998621822e-08 0.024625 0.065041 0.417405 4652.471656 
362 5 17 45.0 0.66 3.725588287486e-08 0.024125 0.063534 0.403891 4414.665952 4.216557569502e-08 0.024184 0.063714 0.404997 4455.382903 
383 5 18 45.0 0.7 2.593881414382e-08 0.023765 0.062452 0.393557 4251.801534 3.056902364284e-08 0.023829 0.062644 0.394633 4297.235952 
404 5 19 45.0 0.74 1.783250835302e-08 0.023438 0.061472 0.384078 4097.836379 2.196693679987e-08 0.02352 0.061717 0.385532 4151.46142 
425 5 20 45.0 0.78 1.201254545848e-08 0.023157 0.060628 0.375582 3962.730394 1.563024591005e-08 0.023271 0.06097 0.37769 4034.099722 
446 5 21 45.0 0.82 7.926723744527e-09 0.022887 0.059819 0.367348 3826.912506 1.101907655205e-08 0.023049 0.060305 0.37041 3922.898378 
467 5 22 45.0 0.86 5.137234088795e-09 0.022671 0.059174 0.360279 3715.674224 7.631941194542e-09 0.022857 0.059729 0.363809 3821.911782 
488 5 23 45.0 0.9 3.203281507837e-09 0.022438 0.058475 0.352891 3591.284354 5.21585054788e-09 0.02269 0.05923 0.357723 3728.090616 
509 5 24 45.0 0.94 1.950772292923e-09 0.022263 0.057951 0.346751 3492.442698 3.498457963236e-09 0.022565 0.058855 0.352574 3651.256508 
530 5 25 45.0 0.98 1.145418077419e-09 0.022098 0.057459 0.340797 3397.030673 2.305458168944e-09 0.022431 0.058455 0.347194 3566.743214 
551 5 26 45.0 1.02 6.52449208174e-10 0.021944 0.056999 0.335171 3300.887915 1.514783723666e-09 0.022345 0.058198 0.342778 3502.710379 
572 5 27 45.0 1.06 3.507304370438e-10 0.021808 0.056594 0.329918 3212.754419 9.897797537431e-10 0.022269 0.057971 0.338627 3437.092 
593 5 28 45.0 1.1 1.720709573379e-10 0.021681 0.056214 0.324872 3124.265548 6.258216362399e-10 0.022191 0.057738 0.334469 3365.478647 
614 5 29 45.0 1.14 7.380277772536e-11 0.021559 0.055851 0.320015 3035.83445 3.802994330184e-10 0.022136 0.057574 0.330808 3300.107268 
635 5 30 45.0 1.18 3.563032332506e-11 0.021493 0.055655 0.316331 2976.409315 2.431167900944e-10 0.022095 0.05745 0.327649 3245.227773 
27 6 1 55.0 0.02 -1.0 -1.0 -1.0 -1.0 -1.0 -1.0 -1.0 -1.0 -1.0 -1.0 
48 6 2 55.0 0.06 -1.0 -1.0 -1.0 -1.0 -1.0 -1.0 -1.0 -1.0 -1.0 -1.0 
69 6 3 55.0 0.1 -1.0 -1.0 -1.0 -1.0 -1.0 -1.0 -1.0 -1.0 -1.0 -1.0 
90 6 4 55.0 0.14 -1.0 -1.0 -1.0 -1.0 -1.0 -1.0 -1.0 -1.0 -1.0 -1.0 
111 6 5 55.0 0.18 -1.0 -1.0 -1.0 -1.0 -1.0 -1.0 -1.0 -1.0 -1.0 -1.0 
132 6 6 55.0 0.22 -1.0 -1.0 -1.0 -1.0 -1.0 -1.0 -1.0 -1.0 -1.0 -1.0 
153 6 7 55.0 0.26 -1.0 -1.0 -1.0 -1.0 -1.0 -1.0 -1.0 -1.0 -1.0 -1.0 
174 6 8 55.0 0.3 -1.0 -1.0 -1.0 -1.0 -1.0 -1.0 -1.0 -1.0 -1.0 -1.0 
195 6 9 55.0 0.34 -1.0 -1.0 -1.0 -1.0 -1.0 -1.0 -1.0 -1.0 -1.0 -1.0 
216 6 10 55.0 0.38 -1.0 -1.0 -1.0 -1.0 -1.0 -1.0 -1.0 -1.0 -1.0 -1.0 
237 6 11 55.0 0.42 -1.0 -1.0 -1.0 -1.0 -1.0 -1.0 -1.0 -1.0 -1.0 -1.0 
258 6 12 55.0 0.46 -1.0 -1.0 -1.0 -1.0 -1.0 -1.0 -1.0 -1.0 -1.0 -1.0 
279 6 13 55.0 0.5 -1.0 -1.0 -1.0 -1.0 -1.0 -1.0 -1.0 -1.0 -1.0 -1.0 
300 6 14 55.0 0.54 -1.0 -1.0 -1.0 -1.0 -1.0 -1.0 -1.0 -1.0 -1.0 -1.0 
321 6 15 55.0 0.58 -1.0 -1.0 -1.0 -1.0 -1.0 -1.0 -1.0 -1.0 -1.0 -1.0 
342 6 16 55.0 0.62 6.513741587106e-08 0.026562 0.070889 0.4528 6165.639214 -1.0 -1.0 -1.0 -1.0 -1.0 
363 6 17 55.0 0.66 4.309280958076e-08 0.026068 0.069394 0.437835 5905.213022 6.770634367884e-08 0.026086 0.06945 0.438096 5921.564318 
384 6 18 55.0 0.7 3.072999859749e-08 0.02585 0.068735 0.430377 5804.747328 5.158882206343e-08 0.02578 0.068524 0.428652 5757.374875 
405 6 19 55.0 0.74 2.155734933664e-08 0.025742 0.068411 0.425676 5750.016778 3.892679681187e-08 0.025717 0.068333 0.424979 5736.470243 
426 6 20 55.0 0.78 1.517027967093e-08 0.025648 0.068125 0.421053 5723.749256 2.928775861286e-08 0.025711 0.068318 0.422448 5750.112946 
447 6 21 55.0 0.82 1.041951415716e-08 0.025682 0.068229 0.419253 5746.062329 2.169191684888e-08 0.025636 0.068089 0.418245 5716.81934 
468 6 22 55.0 0.86 6.895314641069e-09 0.025678 0.068217 0.416448 5736.677114 1.625478376648e-08 0.025708 0.068307 0.417141 5774.249316 
489 6 23 55.0 0.9 4.494341657533e-09 0.025744 0.068415 0.415212 5773.390373 1.192781951289e-08 0.025781 0.068529 0.416096 5783.74856 
510 6 24 55.0 0.94 2.914310674303e-09 0.025982 0.069137 0.41753 5922.525013 8.948350898086e-09 0.025978 0.069123 0.417416 5929.260805 
531 6 25 55.0 0.98 1.814493769661e-09 0.026182 0.06974 0.418869 6019.253045 6.536563051224e-09 0.026112 0.069529 0.416963 5996.468022 
552 6 26 55.0 1.02 -1.0 -1.0 -1.0 -1.0 -1.0 4.663367924362e-09 0.026368 0.070303 0.41971 6084.427888 
573 6 27 55.0 1.06 -1.0 -1.0 -1.0 -1.0 -1.0 -1.0 -1.0 -1.0 -1.0 -1.0 
594 6 28 55.0 1.1 -1.0 -1.0 -1.0 -1.0 -1.0 -1.0 -1.0 -1.0 -1.0 -1.0 
615 6 29 55.0 1.14 -1.0 -1.0 -1.0 -1.0 -1.0 -1.0 -1.0 -1.0 -1.0 -1.0 
636 6 30 55.0 1.18 -1.0 -1.0 -1.0 -1.0 -1.0 -1.0 -1.0 -1.0 -1.0 -1.0 
28 7 1 65.0 0.02 -1.0 -1.0 -1.0 -1.0 -1.0 -1.0 -1.0 -1.0 -1.0 -1.0 
49 7 2 65.0 0.06 -1.0 -1.0 -1.0 -1.0 -1.0 -1.0 -1.0 -1.0 -1.0 -1.0 
70 7 3 65.0 0.1 -1.0 -1.0 -1.0 -1.0 -1.0 -1.0 -1.0 -1.0 -1.0 -1.0 
91 7 4 65.0 0.14 -1.0 -1.0 -1.0 -1.0 -1.0 -1.0 -1.0 -1.0 -1.0 -1.0 
112 7 5 65.0 0.18 -1.0 -1.0 -1.0 -1.0 -1.0 -1.0 -1.0 -1.0 -1.0 -1.0 
133 7 6 65.0 0.22 -1.0 -1.0 -1.0 -1.0 -1.0 -1.0 -1.0 -1.0 -1.0 -1.0 
154 7 7 65.0 0.26 -1.0 -1.0 -1.0 -1.0 -1.0 -1.0 -1.0 -1.0 -1.0 -1.0 
175 7 8 65.0 0.3 -1.0 -1.0 -1.0 -1.0 -1.0 -1.0 -1.0 -1.0 -1.0 -1.0 
196 7 9 65.0 0.34 -1.0 -1.0 -1.0 -1.0 -1.0 -1.0 -1.0 -1.0 -1.0 -1.0 
217 7 10 65.0 0.38 -1.0 -1.0 -1.0 -1.0 -1.0 -1.0 -1.0 -1.0 -1.0 -1.0 
238 7 11 65.0 0.42 -1.0 -1.0 -1.0 -1.0 -1.0 -1.0 -1.0 -1.0 -1.0 -1.0 
259 7 12 65.0 0.46 -1.0 -1.0 -1.0 -1.0 -1.0 -1.0 -1.0 -1.0 -1.0 -1.0 
280 7 13 65.0 0.5 -1.0 -1.0 -1.0 -1.0 -1.0 -1.0 -1.0 -1.0 -1.0 -1.0 
301 7 14 65.0 0.54 -1.0 -1.0 -1.0 -1.0 -1.0 -1.0 -1.0 -1.0 -1.0 -1.0 
322 7 15 65.0 0.58 -1.0 -1.0 -1.0 -1.0 -1.0 -1.0 -1.0 -1.0 -1.0 -1.0 
343 7 16 65.0 0.62 -1.0 -1.0 -1.0 -1.0 -1.0 -1.0 -1.0 -1.0 -1.0 -1.0 
364 7 17 65.0 0.66 -1.0 -1.0 -1.0 -1.0 -1.0 -1.0 -1.0 -1.0 -1.0 -1.0 
385 7 18 65.0 0.7 -1.0 -1.0 -1.0 -1.0 -1.0 -1.0 -1.0 -1.0 -1.0 -1.0 
406 7 19 65.0 0.74 -1.0 -1.0 -1.0 -1.0 -1.0 -1.0 -1.0 -1.0 -1.0 -1.0 
427 7 20 65.0 0.78 -1.0 -1.0 -1.0 -1.0 -1.0 -1.0 -1.0 -1.0 -1.0 -1.0 
448 7 21 65.0 0.82 -1.0 -1.0 -1.0 -1.0 -1.0 -1.0 -1.0 -1.0 -1.0 -1.0 
469 7 22 65.0 0.86 -1.0 -1.0 -1.0 -1.0 -1.0 -1.0 -1.0 -1.0 -1.0 -1.0 
490 7 23 65.0 0.9 -1.0 -1.0 -1.0 -1.0 -1.0 -1.0 -1.0 -1.0 -1.0 -1.0 
511 7 24 65.0 0.94 -1.0 -1.0 -1.0 -1.0 -1.0 -1.0 -1.0 -1.0 -1.0 -1.0 
532 7 25 65.0 0.98 -1.0 -1.0 -1.0 -1.0 -1.0 -1.0 -1.0 -1.0 -1.0 -1.0 
553 7 26 65.0 1.02 -1.0 -1.0 -1.0 -1.0 -1.0 -1.0 -1.0 -1.0 -1.0 -1.0 
574 7 27 65.0 1.06 -1.0 -1.0 -1.0 -1.0 -1.0 -1.0 -1.0 -1.0 -1.0 -1.0 
595 7 28 65.0 1.1 -1.0 -1.0 -1.0 -1.0 -1.0 -1.0 -1.0 -1.0 -1.0 -1.0 
616 7 29 65.0 1.14 -1.0 -1.0 -1.0 -1.0 -1.0 -1.0 -1.0 -1.0 -1.0 -1.0 
637 7 30 65.0 1.18 -1.0 -1.0 -1.0 -1.0 -1.0 -1.0 -1.0 -1.0 -1.0 -1.0 
29 8 1 75.0 0.02 -1.0 -1.0 -1.0 -1.0 -1.0 -1.0 -1.0 -1.0 -1.0 -1.0 
50 8 2 75.0 0.06 -1.0 -1.0 -1.0 -1.0 -1.0 -1.0 -1.0 -1.0 -1.0 -1.0 
71 8 3 75.0 0.1 -1.0 -1.0 -1.0 -1.0 -1.0 -1.0 -1.0 -1.0 -1.0 -1.0 
92 8 4 75.0 0.14 -1.0 -1.0 -1.0 -1.0 -1.0 -1.0 -1.0 -1.0 -1.0 -1.0 
113 8 5 75.0 0.18 -1.0 -1.0 -1.0 -1.0 -1.0 -1.0 -1.0 -1.0 -1.0 -1.0 
134 8 6 75.0 0.22 -1.0 -1.0 -1.0 -1.0 -1.0 -1.0 -1.0 -1.0 -1.0 -1.0 
155 8 7 75.0 0.26 -1.0 -1.0 -1.0 -1.0 -1.0 -1.0 -1.0 -1.0 -1.0 -1.0 
176 8 8 75.0 0.3 -1.0 -1.0 -1.0 -1.0 -1.0 -1.0 -1.0 -1.0 -1.0 -1.0 
197 8 9 75.0 0.34 -1.0 -1.0 -1.0 -1.0 -1.0 -1.0 -1.0 -1.0 -1.0 -1.0 
218 8 10 75.0 0.38 -1.0 -1.0 -1.0 -1.0 -1.0 -1.0 -1.0 -1.0 -1.0 -1.0 
239 8 11 75.0 0.42 -1.0 -1.0 -1.0 -1.0 -1.0 -1.0 -1.0 -1.0 -1.0 -1.0 
260 8 12 75.0 0.46 -1.0 -1.0 -1.0 -1.0 -1.0 -1.0 -1.0 -1.0 -1.0 -1.0 
281 8 13 75.0 0.5 -1.0 -1.0 -1.0 -1.0 -1.0 -1.0 -1.0 -1.0 -1.0 -1.0 
302 8 14 75.0 0.54 -1.0 -1.0 -1.0 -1.0 -1.0 -1.0 -1.0 -1.0 -1.0 -1.0 
323 8 15 75.0 0.58 -1.0 -1.0 -1.0 -1.0 -1.0 -1.0 -1.0 -1.0 -1.0 -1.0 
344 8 16 75.0 0.62 -1.0 -1.0 -1.0 -1.0 -1.0 -1.0 -1.0 -1.0 -1.0 -1.0 
365 8 17 75.0 0.66 -1.0 -1.0 -1.0 -1.0 -1.0 -1.0 -1.0 -1.0 -1.0 -1.0 
386 8 18 75.0 0.7 -1.0 -1.0 -1.0 -1.0 -1.0 -1.0 -1.0 -1.0 -1.0 -1.0 
407 8 19 75.0 0.74 -1.0 -1.0 -1.0 -1.0 -1.0 -1.0 -1.0 -1.0 -1.0 -1.0 
428 8 20 75.0 0.78 -1.0 -1.0 -1.0 -1.0 -1.0 -1.0 -1.0 -1.0 -1.0 -1.0 
449 8 21 75.0 0.82 -1.0 -1.0 -1.0 -1.0 -1.0 -1.0 -1.0 -1.0 -1.0 -1.0 
470 8 22 75.0 0.86 -1.0 -1.0 -1.0 -1.0 -1.0 -1.0 -1.0 -1.0 -1.0 -1.0 
491 8 23 75.0 0.9 -1.0 -1.0 -1.0 -1.0 -1.0 -1.0 -1.0 -1.0 -1.0 -1.0 
512 8 24 75.0 0.94 -1.0 -1.0 -1.0 -1.0 -1.0 -1.0 -1.0 -1.0 -1.0 -1.0 
533 8 25 75.0 0.98 -1.0 -1.0 -1.0 -1.0 -1.0 -1.0 -1.0 -1.0 -1.0 -1.0 
554 8 26 75.0 1.02 -1.0 -1.0 -1.0 -1.0 -1.0 -1.0 -1.0 -1.0 -1.0 -1.0 
575 8 27 75.0 1.06 -1.0 -1.0 -1.0 -1.0 -1.0 -1.0 -1.0 -1.0 -1.0 -1.0 
596 8 28 75.0 1.1 -1.0 -1.0 -1.0 -1.0 -1.0 -1.0 -1.0 -1.0 -1.0 -1.0 
617 8 29 75.0 1.14 -1.0 -1.0 -1.0 -1.0 -1.0 -1.0 -1.0 -1.0 -1.0 -1.0 
638 8 30 75.0 1.18 -1.0 -1.0 -1.0 -1.0 -1.0 -1.0 -1.0 -1.0 -1.0 -1.0 
30 9 1 85.0 0.02 -1.0 -1.0 -1.0 -1.0 -1.0 -1.0 -1.0 -1.0 -1.0 -1.0 
51 9 2 85.0 0.06 -1.0 -1.0 -1.0 -1.0 -1.0 -1.0 -1.0 -1.0 -1.0 -1.0 
72 9 3 85.0 0.1 -1.0 -1.0 -1.0 -1.0 -1.0 -1.0 -1.0 -1.0 -1.0 -1.0 
93 9 4 85.0 0.14 -1.0 -1.0 -1.0 -1.0 -1.0 -1.0 -1.0 -1.0 -1.0 -1.0 
114 9 5 85.0 0.18 -1.0 -1.0 -1.0 -1.0 -1.0 -1.0 -1.0 -1.0 -1.0 -1.0 
135 9 6 85.0 0.22 -1.0 -1.0 -1.0 -1.0 -1.0 -1.0 -1.0 -1.0 -1.0 -1.0 
156 9 7 85.0 0.26 -1.0 -1.0 -1.0 -1.0 -1.0 -1.0 -1.0 -1.0 -1.0 -1.0 
177 9 8 85.0 0.3 -1.0 -1.0 -1.0 -1.0 -1.0 -1.0 -1.0 -1.0 -1.0 -1.0 
198 9 9 85.0 0.34 -1.0 -1.0 -1.0 -1.0 -1.0 -1.0 -1.0 -1.0 -1.0 -1.0 
219 9 10 85.0 0.38 -1.0 -1.0 -1.0 -1.0 -1.0 -1.0 -1.0 -1.0 -1.0 -1.0 
240 9 11 85.0 0.42 -1.0 -1.0 -1.0 -1.0 -1.0 -1.0 -1.0 -1.0 -1.0 -1.0 
261 9 12 85.0 0.46 -1.0 -1.0 -1.0 -1.0 -1.0 -1.0 -1.0 -1.0 -1.0 -1.0 
282 9 13 85.0 0.5 -1.0 -1.0 -1.0 -1.0 -1.0 -1.0 -1.0 -1.0 -1.0 -1.0 
303 9 14 85.0 0.54 -1.0 -1.0 -1.0 -1.0 -1.0 -1.0 -1.0 -1.0 -1.0 -1.0 
324 9 15 85.0 0.58 -1.0 -1.0 -1.0 -1.0 -1.0 -1.0 -1.0 -1.0 -1.0 -1.0 
345 9 16 85.0 0.62 -1.0 -1.0 -1.0 -1.0 -1.0 -1.0 -1.0 -1.0 -1.0 -1.0 
366 9 17 85.0 0.66 -1.0 -1.0 -1.0 -1.0 -1.0 -1.0 -1.0 -1.0 -1.0 -1.0 
387 9 18 85.0 0.7 -1.0 -1.0 -1.0 -1.0 -1.0 -1.0 -1.0 -1.0 -1.0 -1.0 
408 9 19 85.0 0.74 -1.0 -1.0 -1.0 -1.0 -1.0 -1.0 -1.0 -1.0 -1.0 -1.0 
429 9 20 85.0 0.78 -1.0 -1.0 -1.0 -1.0 -1.0 -1.0 -1.0 -1.0 -1.0 -1.0 
450 9 21 85.0 0.82 -1.0 -1.0 -1.0 -1.0 -1.0 -1.0 -1.0 -1.0 -1.0 -1.0 
471 9 22 85.0 0.86 -1.0 -1.0 -1.0 -1.0 -1.0 -1.0 -1.0 -1.0 -1.0 -1.0 
492 9 23 85.0 0.9 -1.0 -1.0 -1.0 -1.0 -1.0 -1.0 -1.0 -1.0 -1.0 -1.0 
513 9 24 85.0 0.94 -1.0 -1.0 -1.0 -1.0 -1.0 -1.0 -1.0 -1.0 -1.0 -1.0 
534 9 25 85.0 0.98 -1.0 -1.0 -1.0 -1.0 -1.0 -1.0 -1.0 -1.0 -1.0 -1.0 
555 9 26 85.0 1.02 -1.0 -1.0 -1.0 -1.0 -1.0 -1.0 -1.0 -1.0 -1.0 -1.0 
576 9 27 85.0 1.06 -1.0 -1.0 -1.0 -1.0 -1.0 -1.0 -1.0 -1.0 -1.0 -1.0 
597 9 28 85.0 1.1 -1.0 -1.0 -1.0 -1.0 -1.0 -1.0 -1.0 -1.0 -1.0 -1.0 
618 9 29 85.0 1.14 -1.0 -1.0 -1.0 -1.0 -1.0 -1.0 -1.0 -1.0 -1.0 -1.0 
639 9 30 85.0 1.18 -1.0 -1.0 -1.0 -1.0 -1.0 -1.0 -1.0 -1.0 -1.0 -1.0 
31 10 1 95.0 0.02 -1.0 -1.0 -1.0 -1.0 -1.0 -1.0 -1.0 -1.0 -1.0 -1.0 
52 10 2 95.0 0.06 -1.0 -1.0 -1.0 -1.0 -1.0 -1.0 -1.0 -1.0 -1.0 -1.0 
73 10 3 95.0 0.1 -1.0 -1.0 -1.0 -1.0 -1.0 -1.0 -1.0 -1.0 -1.0 -1.0 
94 10 4 95.0 0.14 -1.0 -1.0 -1.0 -1.0 -1.0 -1.0 -1.0 -1.0 -1.0 -1.0 
115 10 5 95.0 0.18 -1.0 -1.0 -1.0 -1.0 -1.0 -1.0 -1.0 -1.0 -1.0 -1.0 
136 10 6 95.0 0.22 -1.0 -1.0 -1.0 -1.0 -1.0 -1.0 -1.0 -1.0 -1.0 -1.0 
157 10 7 95.0 0.26 -1.0 -1.0 -1.0 -1.0 -1.0 -1.0 -1.0 -1.0 -1.0 -1.0 
178 10 8 95.0 0.3 -1.0 -1.0 -1.0 -1.0 -1.0 -1.0 -1.0 -1.0 -1.0 -1.0 
199 10 9 95.0 0.34 -1.0 -1.0 -1.0 -1.0 -1.0 -1.0 -1.0 -1.0 -1.0 -1.0 
220 10 10 95.0 0.38 -1.0 -1.0 -1.0 -1.0 -1.0 -1.0 -1.0 -1.0 -1.0 -1.0 
241 10 11 95.0 0.42 -1.0 -1.0 -1.0 -1.0 -1.0 -1.0 -1.0 -1.0 -1.0 -1.0 
262 10 12 95.0 0.46 -1.0 -1.0 -1.0 -1.0 -1.0 -1.0 -1.0 -1.0 -1.0 -1.0 
283 10 13 95.0 0.5 -1.0 -1.0 -1.0 -1.0 -1.0 -1.0 -1.0 -1.0 -1.0 -1.0 
304 10 14 95.0 0.54 -1.0 -1.0 -1.0 -1.0 -1.0 -1.0 -1.0 -1.0 -1.0 -1.0 
325 10 15 95.0 0.58 -1.0 -1.0 -1.0 -1.0 -1.0 -1.0 -1.0 -1.0 -1.0 -1.0 
346 10 16 95.0 0.62 -1.0 -1.0 -1.0 -1.0 -1.0 -1.0 -1.0 -1.0 -1.0 -1.0 
367 10 17 95.0 0.66 -1.0 -1.0 -1.0 -1.0 -1.0 -1.0 -1.0 -1.0 -1.0 -1.0 
388 10 18 95.0 0.7 -1.0 -1.0 -1.0 -1.0 -1.0 -1.0 -1.0 -1.0 -1.0 -1.0 
409 10 19 95.0 0.74 -1.0 -1.0 -1.0 -1.0 -1.0 -1.0 -1.0 -1.0 -1.0 -1.0 
430 10 20 95.0 0.78 -1.0 -1.0 -1.0 -1.0 -1.0 -1.0 -1.0 -1.0 -1.0 -1.0 
451 10 21 95.0 0.82 -1.0 -1.0 -1.0 -1.0 -1.0 -1.0 -1.0 -1.0 -1.0 -1.0 
472 10 22 95.0 0.86 -1.0 -1.0 -1.0 -1.0 -1.0 -1.0 -1.0 -1.0 -1.0 -1.0 
493 10 23 95.0 0.9 -1.0 -1.0 -1.0 -1.0 -1.0 -1.0 -1.0 -1.0 -1.0 -1.0 
514 10 24 95.0 0.94 -1.0 -1.0 -1.0 -1.0 -1.0 -1.0 -1.0 -1.0 -1.0 -1.0 
535 10 25 95.0 0.98 -1.0 -1.0 -1.0 -1.0 -1.0 -1.0 -1.0 -1.0 -1.0 -1.0 
556 10 26 95.0 1.02 -1.0 -1.0 -1.0 -1.0 -1.0 -1.0 -1.0 -1.0 -1.0 -1.0 
577 10 27 95.0 1.06 -1.0 -1.0 -1.0 -1.0 -1.0 -1.0 -1.0 -1.0 -1.0 -1.0 
598 10 28 95.0 1.1 -1.0 -1.0 -1.0 -1.0 -1.0 -1.0 -1.0 -1.0 -1.0 -1.0 
619 10 29 95.0 1.14 -1.0 -1.0 -1.0 -1.0 -1.0 -1.0 -1.0 -1.0 -1.0 -1.0 
640 10 30 95.0 1.18 -1.0 -1.0 -1.0 -1.0 -1.0 -1.0 -1.0 -1.0 -1.0 -1.0 
32 11 1 105.0 0.02 -1.0 -1.0 -1.0 -1.0 -1.0 -1.0 -1.0 -1.0 -1.0 -1.0 
53 11 2 105.0 0.06 -1.0 -1.0 -1.0 -1.0 -1.0 -1.0 -1.0 -1.0 -1.0 -1.0 
74 11 3 105.0 0.1 -1.0 -1.0 -1.0 -1.0 -1.0 -1.0 -1.0 -1.0 -1.0 -1.0 
95 11 4 105.0 0.14 -1.0 -1.0 -1.0 -1.0 -1.0 -1.0 -1.0 -1.0 -1.0 -1.0 
116 11 5 105.0 0.18 -1.0 -1.0 -1.0 -1.0 -1.0 -1.0 -1.0 -1.0 -1.0 -1.0 
137 11 6 105.0 0.22 -1.0 -1.0 -1.0 -1.0 -1.0 -1.0 -1.0 -1.0 -1.0 -1.0 
158 11 7 105.0 0.26 -1.0 -1.0 -1.0 -1.0 -1.0 -1.0 -1.0 -1.0 -1.0 -1.0 
179 11 8 105.0 0.3 -1.0 -1.0 -1.0 -1.0 -1.0 -1.0 -1.0 -1.0 -1.0 -1.0 
200 11 9 105.0 0.34 -1.0 -1.0 -1.0 -1.0 -1.0 -1.0 -1.0 -1.0 -1.0 -1.0 
221 11 10 105.0 0.38 -1.0 -1.0 -1.0 -1.0 -1.0 -1.0 -1.0 -1.0 -1.0 -1.0 
242 11 11 105.0 0.42 -1.0 -1.0 -1.0 -1.0 -1.0 -1.0 -1.0 -1.0 -1.0 -1.0 
263 11 12 105.0 0.46 -1.0 -1.0 -1.0 -1.0 -1.0 -1.0 -1.0 -1.0 -1.0 -1.0 
284 11 13 105.0 0.5 -1.0 -1.0 -1.0 -1.0 -1.0 -1.0 -1.0 -1.0 -1.0 -1.0 
305 11 14 105.0 0.54 -1.0 -1.0 -1.0 -1.0 -1.0 -1.0 -1.0 -1.0 -1.0 -1.0 
326 11 15 105.0 0.58 -1.0 -1.0 -1.0 -1.0 -1.0 -1.0 -1.0 -1.0 -1.0 -1.0 
347 11 16 105.0 0.62 -1.0 -1.0 -1.0 -1.0 -1.0 -1.0 -1.0 -1.0 -1.0 -1.0 
368 11 17 105.0 0.66 -1.0 -1.0 -1.0 -1.0 -1.0 -1.0 -1.0 -1.0 -1.0 -1.0 
389 11 18 105.0 0.7 -1.0 -1.0 -1.0 -1.0 -1.0 -1.0 -1.0 -1.0 -1.0 -1.0 
410 11 19 105.0 0.74 -1.0 -1.0 -1.0 -1.0 -1.0 -1.0 -1.0 -1.0 -1.0 -1.0 
431 11 20 105.0 0.78 -1.0 -1.0 -1.0 -1.0 -1.0 -1.0 -1.0 -1.0 -1.0 -1.0 
452 11 21 105.0 0.82 -1.0 -1.0 -1.0 -1.0 -1.0 -1.0 -1.0 -1.0 -1.0 -1.0 
473 11 22 105.0 0.86 -1.0 -1.0 -1.0 -1.0 -1.0 -1.0 -1.0 -1.0 -1.0 -1.0 
494 11 23 105.0 0.9 -1.0 -1.0 -1.0 -1.0 -1.0 -1.0 -1.0 -1.0 -1.0 -1.0 
515 11 24 105.0 0.94 -1.0 -1.0 -1.0 -1.0 -1.0 -1.0 -1.0 -1.0 -1.0 -1.0 
536 11 25 105.0 0.98 -1.0 -1.0 -1.0 -1.0 -1.0 -1.0 -1.0 -1.0 -1.0 -1.0 
557 11 26 105.0 1.02 -1.0 -1.0 -1.0 -1.0 -1.0 -1.0 -1.0 -1.0 -1.0 -1.0 
578 11 27 105.0 1.06 -1.0 -1.0 -1.0 -1.0 -1.0 -1.0 -1.0 -1.0 -1.0 -1.0 
599 11 28 105.0 1.1 -1.0 -1.0 -1.0 -1.0 -1.0 -1.0 -1.0 -1.0 -1.0 -1.0 
620 11 29 105.0 1.14 -1.0 -1.0 -1.0 -1.0 -1.0 -1.0 -1.0 -1.0 -1.0 -1.0 
641 11 30 105.0 1.18 -1.0 -1.0 -1.0 -1.0 -1.0 -1.0 -1.0 -1.0 -1.0 -1.0 
33 12 1 115.0 0.02 -1.0 -1.0 -1.0 -1.0 -1.0 -1.0 -1.0 -1.0 -1.0 -1.0 
54 12 2 115.0 0.06 -1.0 -1.0 -1.0 -1.0 -1.0 -1.0 -1.0 -1.0 -1.0 -1.0 
75 12 3 115.0 0.1 -1.0 -1.0 -1.0 -1.0 -1.0 -1.0 -1.0 -1.0 -1.0 -1.0 
96 12 4 115.0 0.14 -1.0 -1.0 -1.0 -1.0 -1.0 -1.0 -1.0 -1.0 -1.0 -1.0 
117 12 5 115.0 0.18 -1.0 -1.0 -1.0 -1.0 -1.0 -1.0 -1.0 -1.0 -1.0 -1.0 
138 12 6 115.0 0.22 -1.0 -1.0 -1.0 -1.0 -1.0 -1.0 -1.0 -1.0 -1.0 -1.0 
159 12 7 115.0 0.26 -1.0 -1.0 -1.0 -1.0 -1.0 -1.0 -1.0 -1.0 -1.0 -1.0 
180 12 8 115.0 0.3 -1.0 -1.0 -1.0 -1.0 -1.0 -1.0 -1.0 -1.0 -1.0 -1.0 
201 12 9 115.0 0.34 -1.0 -1.0 -1.0 -1.0 -1.0 -1.0 -1.0 -1.0 -1.0 -1.0 
222 12 10 115.0 0.38 -1.0 -1.0 -1.0 -1.0 -1.0 -1.0 -1.0 -1.0 -1.0 -1.0 
243 12 11 115.0 0.42 -1.0 -1.0 -1.0 -1.0 -1.0 -1.0 -1.0 -1.0 -1.0 -1.0 
264 12 12 115.0 0.46 -1.0 -1.0 -1.0 -1.0 -1.0 -1.0 -1.0 -1.0 -1.0 -1.0 
285 12 13 115.0 0.5 -1.0 -1.0 -1.0 -1.0 -1.0 -1.0 -1.0 -1.0 -1.0 -1.0 
306 12 14 115.0 0.54 -1.0 -1.0 -1.0 -1.0 -1.0 -1.0 -1.0 -1.0 -1.0 -1.0 
327 12 15 115.0 0.58 -1.0 -1.0 -1.0 -1.0 -1.0 -1.0 -1.0 -1.0 -1.0 -1.0 
348 12 16 115.0 0.62 -1.0 -1.0 -1.0 -1.0 -1.0 -1.0 -1.0 -1.0 -1.0 -1.0 
369 12 17 115.0 0.66 -1.0 -1.0 -1.0 -1.0 -1.0 -1.0 -1.0 -1.0 -1.0 -1.0 
390 12 18 115.0 0.7 -1.0 -1.0 -1.0 -1.0 -1.0 -1.0 -1.0 -1.0 -1.0 -1.0 
411 12 19 115.0 0.74 -1.0 -1.0 -1.0 -1.0 -1.0 -1.0 -1.0 -1.0 -1.0 -1.0 
432 12 20 115.0 0.78 -1.0 -1.0 -1.0 -1.0 -1.0 -1.0 -1.0 -1.0 -1.0 -1.0 
453 12 21 115.0 0.82 -1.0 -1.0 -1.0 -1.0 -1.0 -1.0 -1.0 -1.0 -1.0 -1.0 
474 12 22 115.0 0.86 -1.0 -1.0 -1.0 -1.0 -1.0 -1.0 -1.0 -1.0 -1.0 -1.0 
495 12 23 115.0 0.9 -1.0 -1.0 -1.0 -1.0 -1.0 -1.0 -1.0 -1.0 -1.0 -1.0 
516 12 24 115.0 0.94 -1.0 -1.0 -1.0 -1.0 -1.0 -1.0 -1.0 -1.0 -1.0 -1.0 
537 12 25 115.0 0.98 -1.0 -1.0 -1.0 -1.0 -1.0 -1.0 -1.0 -1.0 -1.0 -1.0 
558 12 26 115.0 1.02 -1.0 -1.0 -1.0 -1.0 -1.0 -1.0 -1.0 -1.0 -1.0 -1.0 
579 12 27 115.0 1.06 -1.0 -1.0 -1.0 -1.0 -1.0 -1.0 -1.0 -1.0 -1.0 -1.0 
600 12 28 115.0 1.1 -1.0 -1.0 -1.0 -1.0 -1.0 -1.0 -1.0 -1.0 -1.0 -1.0 
621 12 29 115.0 1.14 -1.0 -1.0 -1.0 -1.0 -1.0 -1.0 -1.0 -1.0 -1.0 -1.0 
642 12 30 115.0 1.18 -1.0 -1.0 -1.0 -1.0 -1.0 -1.0 -1.0 -1.0 -1.0 -1.0 
34 13 1 125.0 0.02 -1.0 -1.0 -1.0 -1.0 -1.0 -1.0 -1.0 -1.0 -1.0 -1.0 
55 13 2 125.0 0.06 -1.0 -1.0 -1.0 -1.0 -1.0 -1.0 -1.0 -1.0 -1.0 -1.0 
76 13 3 125.0 0.1 -1.0 -1.0 -1.0 -1.0 -1.0 -1.0 -1.0 -1.0 -1.0 -1.0 
97 13 4 125.0 0.14 -1.0 -1.0 -1.0 -1.0 -1.0 -1.0 -1.0 -1.0 -1.0 -1.0 
118 13 5 125.0 0.18 -1.0 -1.0 -1.0 -1.0 -1.0 -1.0 -1.0 -1.0 -1.0 -1.0 
139 13 6 125.0 0.22 -1.0 -1.0 -1.0 -1.0 -1.0 -1.0 -1.0 -1.0 -1.0 -1.0 
160 13 7 125.0 0.26 -1.0 -1.0 -1.0 -1.0 -1.0 -1.0 -1.0 -1.0 -1.0 -1.0 
181 13 8 125.0 0.3 -1.0 -1.0 -1.0 -1.0 -1.0 -1.0 -1.0 -1.0 -1.0 -1.0 
202 13 9 125.0 0.34 -1.0 -1.0 -1.0 -1.0 -1.0 -1.0 -1.0 -1.0 -1.0 -1.0 
223 13 10 125.0 0.38 -1.0 -1.0 -1.0 -1.0 -1.0 -1.0 -1.0 -1.0 -1.0 -1.0 
244 13 11 125.0 0.42 -1.0 -1.0 -1.0 -1.0 -1.0 -1.0 -1.0 -1.0 -1.0 -1.0 
265 13 12 125.0 0.46 -1.0 -1.0 -1.0 -1.0 -1.0 -1.0 -1.0 -1.0 -1.0 -1.0 
286 13 13 125.0 0.5 -1.0 -1.0 -1.0 -1.0 -1.0 -1.0 -1.0 -1.0 -1.0 -1.0 
307 13 14 125.0 0.54 -1.0 -1.0 -1.0 -1.0 -1.0 -1.0 -1.0 -1.0 -1.0 -1.0 
328 13 15 125.0 0.58 -1.0 -1.0 -1.0 -1.0 -1.0 -1.0 -1.0 -1.0 -1.0 -1.0 
349 13 16 125.0 0.62 -1.0 -1.0 -1.0 -1.0 -1.0 -1.0 -1.0 -1.0 -1.0 -1.0 
370 13 17 125.0 0.66 -1.0 -1.0 -1.0 -1.0 -1.0 -1.0 -1.0 -1.0 -1.0 -1.0 
391 13 18 125.0 0.7 -1.0 -1.0 -1.0 -1.0 -1.0 -1.0 -1.0 -1.0 -1.0 -1.0 
412 13 19 125.0 0.74 -1.0 -1.0 -1.0 -1.0 -1.0 -1.0 -1.0 -1.0 -1.0 -1.0 
433 13 20 125.0 0.78 -1.0 -1.0 -1.0 -1.0 -1.0 -1.0 -1.0 -1.0 -1.0 -1.0 
454 13 21 125.0 0.82 -1.0 -1.0 -1.0 -1.0 -1.0 -1.0 -1.0 -1.0 -1.0 -1.0 
475 13 22 125.0 0.86 -1.0 -1.0 -1.0 -1.0 -1.0 -1.0 -1.0 -1.0 -1.0 -1.0 
496 13 23 125.0 0.9 -1.0 -1.0 -1.0 -1.0 -1.0 -1.0 -1.0 -1.0 -1.0 -1.0 
517 13 24 125.0 0.94 -1.0 -1.0 -1.0 -1.0 -1.0 -1.0 -1.0 -1.0 -1.0 -1.0 
538 13 25 125.0 0.98 -1.0 -1.0 -1.0 -1.0 -1.0 -1.0 -1.0 -1.0 -1.0 -1.0 
559 13 26 125.0 1.02 -1.0 -1.0 -1.0 -1.0 -1.0 -1.0 -1.0 -1.0 -1.0 -1.0 
580 13 27 125.0 1.06 -1.0 -1.0 -1.0 -1.0 -1.0 -1.0 -1.0 -1.0 -1.0 -1.0 
601 13 28 125.0 1.1 -1.0 -1.0 -1.0 -1.0 -1.0 -1.0 -1.0 -1.0 -1.0 -1.0 
622 13 29 125.0 1.14 -1.0 -1.0 -1.0 -1.0 -1.0 -1.0 -1.0 -1.0 -1.0 -1.0 
643 13 30 125.0 1.18 -1.0 -1.0 -1.0 -1.0 -1.0 -1.0 -1.0 -1.0 -1.0 -1.0 
35 14 1 135.0 0.02 -1.0 -1.0 -1.0 -1.0 -1.0 -1.0 -1.0 -1.0 -1.0 -1.0 
56 14 2 135.0 0.06 -1.0 -1.0 -1.0 -1.0 -1.0 -1.0 -1.0 -1.0 -1.0 -1.0 
77 14 3 135.0 0.1 -1.0 -1.0 -1.0 -1.0 -1.0 -1.0 -1.0 -1.0 -1.0 -1.0 
98 14 4 135.0 0.14 -1.0 -1.0 -1.0 -1.0 -1.0 -1.0 -1.0 -1.0 -1.0 -1.0 
119 14 5 135.0 0.18 -1.0 -1.0 -1.0 -1.0 -1.0 -1.0 -1.0 -1.0 -1.0 -1.0 
140 14 6 135.0 0.22 -1.0 -1.0 -1.0 -1.0 -1.0 -1.0 -1.0 -1.0 -1.0 -1.0 
161 14 7 135.0 0.26 -1.0 -1.0 -1.0 -1.0 -1.0 -1.0 -1.0 -1.0 -1.0 -1.0 
182 14 8 135.0 0.3 -1.0 -1.0 -1.0 -1.0 -1.0 -1.0 -1.0 -1.0 -1.0 -1.0 
203 14 9 135.0 0.34 -1.0 -1.0 -1.0 -1.0 -1.0 -1.0 -1.0 -1.0 -1.0 -1.0 
224 14 10 135.0 0.38 -1.0 -1.0 -1.0 -1.0 -1.0 -1.0 -1.0 -1.0 -1.0 -1.0 
245 14 11 135.0 0.42 -1.0 -1.0 -1.0 -1.0 -1.0 -1.0 -1.0 -1.0 -1.0 -1.0 
266 14 12 135.0 0.46 -1.0 -1.0 -1.0 -1.0 -1.0 -1.0 -1.0 -1.0 -1.0 -1.0 
287 14 13 135.0 0.5 -1.0 -1.0 -1.0 -1.0 -1.0 -1.0 -1.0 -1.0 -1.0 -1.0 
308 14 14 135.0 0.54 -1.0 -1.0 -1.0 -1.0 -1.0 -1.0 -1.0 -1.0 -1.0 -1.0 
329 14 15 135.0 0.58 -1.0 -1.0 -1.0 -1.0 -1.0 -1.0 -1.0 -1.0 -1.0 -1.0 
350 14 16 135.0 0.62 -1.0 -1.0 -1.0 -1.0 -1.0 -1.0 -1.0 -1.0 -1.0 -1.0 
371 14 17 135.0 0.66 -1.0 -1.0 -1.0 -1.0 -1.0 -1.0 -1.0 -1.0 -1.0 -1.0 
392 14 18 135.0 0.7 -1.0 -1.0 -1.0 -1.0 -1.0 -1.0 -1.0 -1.0 -1.0 -1.0 
413 14 19 135.0 0.74 -1.0 -1.0 -1.0 -1.0 -1.0 -1.0 -1.0 -1.0 -1.0 -1.0 
434 14 20 135.0 0.78 -1.0 -1.0 -1.0 -1.0 -1.0 -1.0 -1.0 -1.0 -1.0 -1.0 
455 14 21 135.0 0.82 -1.0 -1.0 -1.0 -1.0 -1.0 -1.0 -1.0 -1.0 -1.0 -1.0 
476 14 22 135.0 0.86 -1.0 -1.0 -1.0 -1.0 -1.0 -1.0 -1.0 -1.0 -1.0 -1.0 
497 14 23 135.0 0.9 -1.0 -1.0 -1.0 -1.0 -1.0 -1.0 -1.0 -1.0 -1.0 -1.0 
518 14 24 135.0 0.94 -1.0 -1.0 -1.0 -1.0 -1.0 -1.0 -1.0 -1.0 -1.0 -1.0 
539 14 25 135.0 0.98 -1.0 -1.0 -1.0 -1.0 -1.0 -1.0 -1.0 -1.0 -1.0 -1.0 
560 14 26 135.0 1.02 -1.0 -1.0 -1.0 -1.0 -1.0 -1.0 -1.0 -1.0 -1.0 -1.0 
581 14 27 135.0 1.06 -1.0 -1.0 -1.0 -1.0 -1.0 -1.0 -1.0 -1.0 -1.0 -1.0 
602 14 28 135.0 1.1 -1.0 -1.0 -1.0 -1.0 -1.0 -1.0 -1.0 -1.0 -1.0 -1.0 
623 14 29 135.0 1.14 -1.0 -1.0 -1.0 -1.0 -1.0 -1.0 -1.0 -1.0 -1.0 -1.0 
644 14 30 135.0 1.18 -1.0 -1.0 -1.0 -1.0 -1.0 -1.0 -1.0 -1.0 -1.0 -1.0 
36 15 1 145.0 0.02 -1.0 -1.0 -1.0 -1.0 -1.0 -1.0 -1.0 -1.0 -1.0 -1.0 
57 15 2 145.0 0.06 -1.0 -1.0 -1.0 -1.0 -1.0 -1.0 -1.0 -1.0 -1.0 -1.0 
78 15 3 145.0 0.1 -1.0 -1.0 -1.0 -1.0 -1.0 -1.0 -1.0 -1.0 -1.0 -1.0 
99 15 4 145.0 0.14 -1.0 -1.0 -1.0 -1.0 -1.0 -1.0 -1.0 -1.0 -1.0 -1.0 
120 15 5 145.0 0.18 -1.0 -1.0 -1.0 -1.0 -1.0 -1.0 -1.0 -1.0 -1.0 -1.0 
141 15 6 145.0 0.22 -1.0 -1.0 -1.0 -1.0 -1.0 -1.0 -1.0 -1.0 -1.0 -1.0 
162 15 7 145.0 0.26 -1.0 -1.0 -1.0 -1.0 -1.0 -1.0 -1.0 -1.0 -1.0 -1.0 
183 15 8 145.0 0.3 -1.0 -1.0 -1.0 -1.0 -1.0 -1.0 -1.0 -1.0 -1.0 -1.0 
204 15 9 145.0 0.34 -1.0 -1.0 -1.0 -1.0 -1.0 -1.0 -1.0 -1.0 -1.0 -1.0 
225 15 10 145.0 0.38 -1.0 -1.0 -1.0 -1.0 -1.0 -1.0 -1.0 -1.0 -1.0 -1.0 
246 15 11 145.0 0.42 -1.0 -1.0 -1.0 -1.0 -1.0 -1.0 -1.0 -1.0 -1.0 -1.0 
267 15 12 145.0 0.46 -1.0 -1.0 -1.0 -1.0 -1.0 -1.0 -1.0 -1.0 -1.0 -1.0 
288 15 13 145.0 0.5 -1.0 -1.0 -1.0 -1.0 -1.0 -1.0 -1.0 -1.0 -1.0 -1.0 
309 15 14 145.0 0.54 -1.0 -1.0 -1.0 -1.0 -1.0 -1.0 -1.0 -1.0 -1.0 -1.0 
330 15 15 145.0 0.58 -1.0 -1.0 -1.0 -1.0 -1.0 -1.0 -1.0 -1.0 -1.0 -1.0 
351 15 16 145.0 0.62 -1.0 -1.0 -1.0 -1.0 -1.0 -1.0 -1.0 -1.0 -1.0 -1.0 
372 15 17 145.0 0.66 -1.0 -1.0 -1.0 -1.0 -1.0 -1.0 -1.0 -1.0 -1.0 -1.0 
393 15 18 145.0 0.7 -1.0 -1.0 -1.0 -1.0 -1.0 -1.0 -1.0 -1.0 -1.0 -1.0 
414 15 19 145.0 0.74 -1.0 -1.0 -1.0 -1.0 -1.0 -1.0 -1.0 -1.0 -1.0 -1.0 
435 15 20 145.0 0.78 -1.0 -1.0 -1.0 -1.0 -1.0 -1.0 -1.0 -1.0 -1.0 -1.0 
456 15 21 145.0 0.82 -1.0 -1.0 -1.0 -1.0 -1.0 -1.0 -1.0 -1.0 -1.0 -1.0 
477 15 22 145.0 0.86 -1.0 -1.0 -1.0 -1.0 -1.0 -1.0 -1.0 -1.0 -1.0 -1.0 
498 15 23 145.0 0.9 -1.0 -1.0 -1.0 -1.0 -1.0 -1.0 -1.0 -1.0 -1.0 -1.0 
519 15 24 145.0 0.94 -1.0 -1.0 -1.0 -1.0 -1.0 -1.0 -1.0 -1.0 -1.0 -1.0 
540 15 25 145.0 0.98 -1.0 -1.0 -1.0 -1.0 -1.0 -1.0 -1.0 -1.0 -1.0 -1.0 
561 15 26 145.0 1.02 -1.0 -1.0 -1.0 -1.0 -1.0 -1.0 -1.0 -1.0 -1.0 -1.0 
582 15 27 145.0 1.06 -1.0 -1.0 -1.0 -1.0 -1.0 -1.0 -1.0 -1.0 -1.0 -1.0 
603 15 28 145.0 1.1 -1.0 -1.0 -1.0 -1.0 -1.0 -1.0 -1.0 -1.0 -1.0 -1.0 
624 15 29 145.0 1.14 -1.0 -1.0 -1.0 -1.0 -1.0 -1.0 -1.0 -1.0 -1.0 -1.0 
645 15 30 145.0 1.18 -1.0 -1.0 -1.0 -1.0 -1.0 -1.0 -1.0 -1.0 -1.0 -1.0 
37 16 1 155.0 0.02 -1.0 -1.0 -1.0 -1.0 -1.0 -1.0 -1.0 -1.0 -1.0 -1.0 
58 16 2 155.0 0.06 -1.0 -1.0 -1.0 -1.0 -1.0 -1.0 -1.0 -1.0 -1.0 -1.0 
79 16 3 155.0 0.1 -1.0 -1.0 -1.0 -1.0 -1.0 -1.0 -1.0 -1.0 -1.0 -1.0 
100 16 4 155.0 0.14 -1.0 -1.0 -1.0 -1.0 -1.0 -1.0 -1.0 -1.0 -1.0 -1.0 
121 16 5 155.0 0.18 -1.0 -1.0 -1.0 -1.0 -1.0 -1.0 -1.0 -1.0 -1.0 -1.0 
142 16 6 155.0 0.22 -1.0 -1.0 -1.0 -1.0 -1.0 -1.0 -1.0 -1.0 -1.0 -1.0 
163 16 7 155.0 0.26 -1.0 -1.0 -1.0 -1.0 -1.0 -1.0 -1.0 -1.0 -1.0 -1.0 
184 16 8 155.0 0.3 -1.0 -1.0 -1.0 -1.0 -1.0 -1.0 -1.0 -1.0 -1.0 -1.0 
205 16 9 155.0 0.34 -1.0 -1.0 -1.0 -1.0 -1.0 -1.0 -1.0 -1.0 -1.0 -1.0 
226 16 10 155.0 0.38 -1.0 -1.0 -1.0 -1.0 -1.0 -1.0 -1.0 -1.0 -1.0 -1.0 
247 16 11 155.0 0.42 -1.0 -1.0 -1.0 -1.0 -1.0 -1.0 -1.0 -1.0 -1.0 -1.0 
268 16 12 155.0 0.46 -1.0 -1.0 -1.0 -1.0 -1.0 -1.0 -1.0 -1.0 -1.0 -1.0 
289 16 13 155.0 0.5 -1.0 -1.0 -1.0 -1.0 -1.0 -1.0 -1.0 -1.0 -1.0 -1.0 
310 16 14 155.0 0.54 -1.0 -1.0 -1.0 -1.0 -1.0 -1.0 -1.0 -1.0 -1.0 -1.0 
331 16 15 155.0 0.58 -1.0 -1.0 -1.0 -1.0 -1.0 -1.0 -1.0 -1.0 -1.0 -1.0 
352 16 16 155.0 0.62 -1.0 -1.0 -1.0 -1.0 -1.0 -1.0 -1.0 -1.0 -1.0 -1.0 
373 16 17 155.0 0.66 -1.0 -1.0 -1.0 -1.0 -1.0 -1.0 -1.0 -1.0 -1.0 -1.0 
394 16 18 155.0 0.7 -1.0 -1.0 -1.0 -1.0 -1.0 -1.0 -1.0 -1.0 -1.0 -1.0 
415 16 19 155.0 0.74 -1.0 -1.0 -1.0 -1.0 -1.0 -1.0 -1.0 -1.0 -1.0 -1.0 
436 16 20 155.0 0.78 -1.0 -1.0 -1.0 -1.0 -1.0 -1.0 -1.0 -1.0 -1.0 -1.0 
457 16 21 155.0 0.82 -1.0 -1.0 -1.0 -1.0 -1.0 -1.0 -1.0 -1.0 -1.0 -1.0 
478 16 22 155.0 0.86 -1.0 -1.0 -1.0 -1.0 -1.0 -1.0 -1.0 -1.0 -1.0 -1.0 
499 16 23 155.0 0.9 -1.0 -1.0 -1.0 -1.0 -1.0 -1.0 -1.0 -1.0 -1.0 -1.0 
520 16 24 155.0 0.94 -1.0 -1.0 -1.0 -1.0 -1.0 -1.0 -1.0 -1.0 -1.0 -1.0 
541 16 25 155.0 0.98 -1.0 -1.0 -1.0 -1.0 -1.0 -1.0 -1.0 -1.0 -1.0 -1.0 
562 16 26 155.0 1.02 -1.0 -1.0 -1.0 -1.0 -1.0 -1.0 -1.0 -1.0 -1.0 -1.0 
583 16 27 155.0 1.06 -1.0 -1.0 -1.0 -1.0 -1.0 -1.0 -1.0 -1.0 -1.0 -1.0 
604 16 28 155.0 1.1 -1.0 -1.0 -1.0 -1.0 -1.0 -1.0 -1.0 -1.0 -1.0 -1.0 
625 16 29 155.0 1.14 -1.0 -1.0 -1.0 -1.0 -1.0 -1.0 -1.0 -1.0 -1.0 -1.0 
646 16 30 155.0 1.18 -1.0 -1.0 -1.0 -1.0 -1.0 -1.0 -1.0 -1.0 -1.0 -1.0 
38 17 1 165.0 0.02 -1.0 -1.0 -1.0 -1.0 -1.0 -1.0 -1.0 -1.0 -1.0 -1.0 
59 17 2 165.0 0.06 -1.0 -1.0 -1.0 -1.0 -1.0 -1.0 -1.0 -1.0 -1.0 -1.0 
80 17 3 165.0 0.1 -1.0 -1.0 -1.0 -1.0 -1.0 -1.0 -1.0 -1.0 -1.0 -1.0 
101 17 4 165.0 0.14 -1.0 -1.0 -1.0 -1.0 -1.0 -1.0 -1.0 -1.0 -1.0 -1.0 
122 17 5 165.0 0.18 -1.0 -1.0 -1.0 -1.0 -1.0 -1.0 -1.0 -1.0 -1.0 -1.0 
143 17 6 165.0 0.22 -1.0 -1.0 -1.0 -1.0 -1.0 -1.0 -1.0 -1.0 -1.0 -1.0 
164 17 7 165.0 0.26 -1.0 -1.0 -1.0 -1.0 -1.0 -1.0 -1.0 -1.0 -1.0 -1.0 
185 17 8 165.0 0.3 -1.0 -1.0 -1.0 -1.0 -1.0 -1.0 -1.0 -1.0 -1.0 -1.0 
206 17 9 165.0 0.34 -1.0 -1.0 -1.0 -1.0 -1.0 -1.0 -1.0 -1.0 -1.0 -1.0 
227 17 10 165.0 0.38 -1.0 -1.0 -1.0 -1.0 -1.0 -1.0 -1.0 -1.0 -1.0 -1.0 
248 17 11 165.0 0.42 -1.0 -1.0 -1.0 -1.0 -1.0 -1.0 -1.0 -1.0 -1.0 -1.0 
269 17 12 165.0 0.46 -1.0 -1.0 -1.0 -1.0 -1.0 -1.0 -1.0 -1.0 -1.0 -1.0 
290 17 13 165.0 0.5 -1.0 -1.0 -1.0 -1.0 -1.0 -1.0 -1.0 -1.0 -1.0 -1.0 
311 17 14 165.0 0.54 -1.0 -1.0 -1.0 -1.0 -1.0 -1.0 -1.0 -1.0 -1.0 -1.0 
332 17 15 165.0 0.58 -1.0 -1.0 -1.0 -1.0 -1.0 -1.0 -1.0 -1.0 -1.0 -1.0 
353 17 16 165.0 0.62 -1.0 -1.0 -1.0 -1.0 -1.0 -1.0 -1.0 -1.0 -1.0 -1.0 
374 17 17 165.0 0.66 -1.0 -1.0 -1.0 -1.0 -1.0 -1.0 -1.0 -1.0 -1.0 -1.0 
395 17 18 165.0 0.7 -1.0 -1.0 -1.0 -1.0 -1.0 -1.0 -1.0 -1.0 -1.0 -1.0 
416 17 19 165.0 0.74 -1.0 -1.0 -1.0 -1.0 -1.0 -1.0 -1.0 -1.0 -1.0 -1.0 
437 17 20 165.0 0.78 -1.0 -1.0 -1.0 -1.0 -1.0 -1.0 -1.0 -1.0 -1.0 -1.0 
458 17 21 165.0 0.82 -1.0 -1.0 -1.0 -1.0 -1.0 -1.0 -1.0 -1.0 -1.0 -1.0 
479 17 22 165.0 0.86 -1.0 -1.0 -1.0 -1.0 -1.0 -1.0 -1.0 -1.0 -1.0 -1.0 
500 17 23 165.0 0.9 -1.0 -1.0 -1.0 -1.0 -1.0 -1.0 -1.0 -1.0 -1.0 -1.0 
521 17 24 165.0 0.94 -1.0 -1.0 -1.0 -1.0 -1.0 -1.0 -1.0 -1.0 -1.0 -1.0 
542 17 25 165.0 0.98 -1.0 -1.0 -1.0 -1.0 -1.0 -1.0 -1.0 -1.0 -1.0 -1.0 
563 17 26 165.0 1.02 -1.0 -1.0 -1.0 -1.0 -1.0 -1.0 -1.0 -1.0 -1.0 -1.0 
584 17 27 165.0 1.06 -1.0 -1.0 -1.0 -1.0 -1.0 -1.0 -1.0 -1.0 -1.0 -1.0 
605 17 28 165.0 1.1 -1.0 -1.0 -1.0 -1.0 -1.0 -1.0 -1.0 -1.0 -1.0 -1.0 
626 17 29 165.0 1.14 -1.0 -1.0 -1.0 -1.0 -1.0 -1.0 -1.0 -1.0 -1.0 -1.0 
647 17 30 165.0 1.18 -1.0 -1.0 -1.0 -1.0 -1.0 -1.0 -1.0 -1.0 -1.0 -1.0 
39 18 1 175.0 0.02 -1.0 -1.0 -1.0 -1.0 -1.0 -1.0 -1.0 -1.0 -1.0 -1.0 
60 18 2 175.0 0.06 -1.0 -1.0 -1.0 -1.0 -1.0 -1.0 -1.0 -1.0 -1.0 -1.0 
81 18 3 175.0 0.1 -1.0 -1.0 -1.0 -1.0 -1.0 -1.0 -1.0 -1.0 -1.0 -1.0 
102 18 4 175.0 0.14 -1.0 -1.0 -1.0 -1.0 -1.0 -1.0 -1.0 -1.0 -1.0 -1.0 
123 18 5 175.0 0.18 -1.0 -1.0 -1.0 -1.0 -1.0 -1.0 -1.0 -1.0 -1.0 -1.0 
144 18 6 175.0 0.22 -1.0 -1.0 -1.0 -1.0 -1.0 -1.0 -1.0 -1.0 -1.0 -1.0 
165 18 7 175.0 0.26 -1.0 -1.0 -1.0 -1.0 -1.0 -1.0 -1.0 -1.0 -1.0 -1.0 
186 18 8 175.0 0.3 -1.0 -1.0 -1.0 -1.0 -1.0 -1.0 -1.0 -1.0 -1.0 -1.0 
207 18 9 175.0 0.34 -1.0 -1.0 -1.0 -1.0 -1.0 -1.0 -1.0 -1.0 -1.0 -1.0 
228 18 10 175.0 0.38 -1.0 -1.0 -1.0 -1.0 -1.0 -1.0 -1.0 -1.0 -1.0 -1.0 
249 18 11 175.0 0.42 -1.0 -1.0 -1.0 -1.0 -1.0 -1.0 -1.0 -1.0 -1.0 -1.0 
270 18 12 175.0 0.46 -1.0 -1.0 -1.0 -1.0 -1.0 -1.0 -1.0 -1.0 -1.0 -1.0 
291 18 13 175.0 0.5 -1.0 -1.0 -1.0 -1.0 -1.0 -1.0 -1.0 -1.0 -1.0 -1.0 
312 18 14 175.0 0.54 -1.0 -1.0 -1.0 -1.0 -1.0 -1.0 -1.0 -1.0 -1.0 -1.0 
333 18 15 175.0 0.58 -1.0 -1.0 -1.0 -1.0 -1.0 -1.0 -1.0 -1.0 -1.0 -1.0 
354 18 16 175.0 0.62 -1.0 -1.0 -1.0 -1.0 -1.0 -1.0 -1.0 -1.0 -1.0 -1.0 
375 18 17 175.0 0.66 -1.0 -1.0 -1.0 -1.0 -1.0 -1.0 -1.0 -1.0 -1.0 -1.0 
396 18 18 175.0 0.7 -1.0 -1.0 -1.0 -1.0 -1.0 -1.0 -1.0 -1.0 -1.0 -1.0 
417 18 19 175.0 0.74 -1.0 -1.0 -1.0 -1.0 -1.0 -1.0 -1.0 -1.0 -1.0 -1.0 
438 18 20 175.0 0.78 -1.0 -1.0 -1.0 -1.0 -1.0 -1.0 -1.0 -1.0 -1.0 -1.0 
459 18 21 175.0 0.82 -1.0 -1.0 -1.0 -1.0 -1.0 -1.0 -1.0 -1.0 -1.0 -1.0 
480 18 22 175.0 0.86 -1.0 -1.0 -1.0 -1.0 -1.0 -1.0 -1.0 -1.0 -1.0 -1.0 
501 18 23 175.0 0.9 -1.0 -1.0 -1.0 -1.0 -1.0 -1.0 -1.0 -1.0 -1.0 -1.0 
522 18 24 175.0 0.94 -1.0 -1.0 -1.0 -1.0 -1.0 -1.0 -1.0 -1.0 -1.0 -1.0 
543 18 25 175.0 0.98 -1.0 -1.0 -1.0 -1.0 -1.0 -1.0 -1.0 -1.0 -1.0 -1.0 
564 18 26 175.0 1.02 -1.0 -1.0 -1.0 -1.0 -1.0 -1.0 -1.0 -1.0 -1.0 -1.0 
585 18 27 175.0 1.06 -1.0 -1.0 -1.0 -1.0 -1.0 -1.0 -1.0 -1.0 -1.0 -1.0 
606 18 28 175.0 1.1 -1.0 -1.0 -1.0 -1.0 -1.0 -1.0 -1.0 -1.0 -1.0 -1.0 
627 18 29 175.0 1.14 -1.0 -1.0 -1.0 -1.0 -1.0 -1.0 -1.0 -1.0 -1.0 -1.0 
648 18 30 175.0 1.18 -1.0 -1.0 -1.0 -1.0 -1.0 -1.0 -1.0 -1.0 -1.0 -1.0 
40 19 1 185.0 0.02 -1.0 -1.0 -1.0 -1.0 -1.0 -1.0 -1.0 -1.0 -1.0 -1.0 
61 19 2 185.0 0.06 -1.0 -1.0 -1.0 -1.0 -1.0 -1.0 -1.0 -1.0 -1.0 -1.0 
82 19 3 185.0 0.1 -1.0 -1.0 -1.0 -1.0 -1.0 -1.0 -1.0 -1.0 -1.0 -1.0 
103 19 4 185.0 0.14 -1.0 -1.0 -1.0 -1.0 -1.0 -1.0 -1.0 -1.0 -1.0 -1.0 
124 19 5 185.0 0.18 -1.0 -1.0 -1.0 -1.0 -1.0 -1.0 -1.0 -1.0 -1.0 -1.0 
145 19 6 185.0 0.22 -1.0 -1.0 -1.0 -1.0 -1.0 -1.0 -1.0 -1.0 -1.0 -1.0 
166 19 7 185.0 0.26 -1.0 -1.0 -1.0 -1.0 -1.0 -1.0 -1.0 -1.0 -1.0 -1.0 
187 19 8 185.0 0.3 -1.0 -1.0 -1.0 -1.0 -1.0 -1.0 -1.0 -1.0 -1.0 -1.0 
208 19 9 185.0 0.34 -1.0 -1.0 -1.0 -1.0 -1.0 -1.0 -1.0 -1.0 -1.0 -1.0 
229 19 10 185.0 0.38 -1.0 -1.0 -1.0 -1.0 -1.0 -1.0 -1.0 -1.0 -1.0 -1.0 
250 19 11 185.0 0.42 -1.0 -1.0 -1.0 -1.0 -1.0 -1.0 -1.0 -1.0 -1.0 -1.0 
271 19 12 185.0 0.46 -1.0 -1.0 -1.0 -1.0 -1.0 -1.0 -1.0 -1.0 -1.0 -1.0 
292 19 13 185.0 0.5 -1.0 -1.0 -1.0 -1.0 -1.0 -1.0 -1.0 -1.0 -1.0 -1.0 
313 19 14 185.0 0.54 -1.0 -1.0 -1.0 -1.0 -1.0 -1.0 -1.0 -1.0 -1.0 -1.0 
334 19 15 185.0 0.58 -1.0 -1.0 -1.0 -1.0 -1.0 -1.0 -1.0 -1.0 -1.0 -1.0 
355 19 16 185.0 0.62 -1.0 -1.0 -1.0 -1.0 -1.0 -1.0 -1.0 -1.0 -1.0 -1.0 
376 19 17 185.0 0.66 -1.0 -1.0 -1.0 -1.0 -1.0 -1.0 -1.0 -1.0 -1.0 -1.0 
397 19 18 185.0 0.7 -1.0 -1.0 -1.0 -1.0 -1.0 -1.0 -1.0 -1.0 -1.0 -1.0 
418 19 19 185.0 0.74 -1.0 -1.0 -1.0 -1.0 -1.0 -1.0 -1.0 -1.0 -1.0 -1.0 
439 19 20 185.0 0.78 -1.0 -1.0 -1.0 -1.0 -1.0 -1.0 -1.0 -1.0 -1.0 -1.0 
460 19 21 185.0 0.82 -1.0 -1.0 -1.0 -1.0 -1.0 -1.0 -1.0 -1.0 -1.0 -1.0 
481 19 22 185.0 0.86 -1.0 -1.0 -1.0 -1.0 -1.0 -1.0 -1.0 -1.0 -1.0 -1.0 
502 19 23 185.0 0.9 -1.0 -1.0 -1.0 -1.0 -1.0 -1.0 -1.0 -1.0 -1.0 -1.0 
523 19 24 185.0 0.94 -1.0 -1.0 -1.0 -1.0 -1.0 -1.0 -1.0 -1.0 -1.0 -1.0 
544 19 25 185.0 0.98 -1.0 -1.0 -1.0 -1.0 -1.0 -1.0 -1.0 -1.0 -1.0 -1.0 
565 19 26 185.0 1.02 -1.0 -1.0 -1.0 -1.0 -1.0 -1.0 -1.0 -1.0 -1.0 -1.0 
586 19 27 185.0 1.06 -1.0 -1.0 -1.0 -1.0 -1.0 -1.0 -1.0 -1.0 -1.0 -1.0 
607 19 28 185.0 1.1 -1.0 -1.0 -1.0 -1.0 -1.0 -1.0 -1.0 -1.0 -1.0 -1.0 
628 19 29 185.0 1.14 -1.0 -1.0 -1.0 -1.0 -1.0 -1.0 -1.0 -1.0 -1.0 -1.0 
649 19 30 185.0 1.18 -1.0 -1.0 -1.0 -1.0 -1.0 -1.0 -1.0 -1.0 -1.0 -1.0 
