#This table containes the kinematics derivatives, where ds_dkin is the derivative of the cross section
#with respect to the kinematic variable in units of %/mrad or %/MeV
#There are also the relative systematic errors of individual kinematic variables, and the total error added in quadrature
#to see which is the dominant source of the systematics errors
#!ib[i,0]/  pm_bin[f,1]/   thnq_bin[f,2]/   ds_dthe[f,3]/   ds_dphe[f,4]/   ds_def[f,5]/   ds_dthp[f,6]/   ds_dphp[f,7]/  ds_dthb[f,8]/   ds_dphb[f,9]/    ds_dE[f,10]/    sig_the[f,11]/   sig_phe[f,12]/   sig_ef[f,13]/   sig_thp[f,14]/   sig_php[f,15]/  sig_thb[f,16]/   sig_phb[f,17]/    sig_E[f,18]/    sig_tot[f,19]/ 
22   0.020000   5.000000   -2.868e+01   -8.445e+00   -1.638e+00   -9.431e-01   -1.945e+00   -1.173e+01   2.610e+01   -6.713e-01   -2.868e+01   -8.445e+00   -3.495e+00   -9.431e-01   -1.945e+00   -0.000e+00   0.000e+00   -7.116e+00   3.101e+01
43   0.060000   5.000000   -3.091e+01   -7.219e+00   -2.132e+00   7.924e-02   -1.879e+00   -9.643e+00   3.963e+01   -8.085e-01   -3.091e+01   -7.219e+00   -4.441e+00   7.924e-02   -1.879e+00   -0.000e+00   0.000e+00   -8.570e+00   3.323e+01
64   0.100000   5.000000   -2.807e+01   -5.775e+00   -1.952e+00   2.514e-01   -1.701e+00   -7.546e+00   3.758e+01   -7.542e-01   -2.807e+01   -5.775e+00   -4.097e+00   2.514e-01   -1.701e+00   -0.000e+00   0.000e+00   -7.995e+00   3.008e+01
85   0.140000   5.000000   -2.549e+01   -4.969e+00   -1.777e+00   3.402e-01   -1.574e+00   -6.423e+00   3.391e+01   -7.014e-01   -2.549e+01   -4.969e+00   -3.771e+00   3.402e-01   -1.574e+00   -0.000e+00   0.000e+00   -7.435e+00   2.732e+01
106   0.180000   5.000000   -2.412e+01   -4.394e+00   -1.724e+00   6.171e-01   -1.422e+00   -5.618e+00   3.244e+01   -6.691e-01   -2.412e+01   -4.394e+00   -3.617e+00   6.171e-01   -1.422e+00   -0.000e+00   0.000e+00   -7.092e+00   2.583e+01
127   0.220000   5.000000   -2.337e+01   -3.699e+00   -1.755e+00   1.118e+00   -1.203e+00   -4.705e+00   3.190e+01   -6.573e-01   -2.337e+01   -3.699e+00   -3.642e+00   1.118e+00   -1.203e+00   -0.000e+00   0.000e+00   -6.967e+00   2.499e+01
148   0.260000   5.000000   nan   nan   nan   nan   nan   nan   nan   nan   nan   nan   nan   nan   nan   nan   nan   nan   nan
169   0.300000   5.000000   nan   nan   nan   nan   nan   nan   nan   nan   nan   nan   nan   nan   nan   nan   nan   nan   nan
190   0.340000   5.000000   nan   nan   nan   nan   nan   nan   nan   nan   nan   nan   nan   nan   nan   nan   nan   nan   nan
211   0.380000   5.000000   nan   nan   nan   nan   nan   nan   nan   nan   nan   nan   nan   nan   nan   nan   nan   nan   nan
232   0.420000   5.000000   nan   nan   nan   nan   nan   nan   nan   nan   nan   nan   nan   nan   nan   nan   nan   nan   nan
253   0.460000   5.000000   nan   nan   nan   nan   nan   nan   nan   nan   nan   nan   nan   nan   nan   nan   nan   nan   nan
274   0.500000   5.000000   nan   nan   nan   nan   nan   nan   nan   nan   nan   nan   nan   nan   nan   nan   nan   nan   nan
295   0.540000   5.000000   nan   nan   nan   nan   nan   nan   nan   nan   nan   nan   nan   nan   nan   nan   nan   nan   nan
316   0.580000   5.000000   nan   nan   nan   nan   nan   nan   nan   nan   nan   nan   nan   nan   nan   nan   nan   nan   nan
337   0.620000   5.000000   nan   nan   nan   nan   nan   nan   nan   nan   nan   nan   nan   nan   nan   nan   nan   nan   nan
358   0.660000   5.000000   nan   nan   nan   nan   nan   nan   nan   nan   nan   nan   nan   nan   nan   nan   nan   nan   nan
379   0.700000   5.000000   nan   nan   nan   nan   nan   nan   nan   nan   nan   nan   nan   nan   nan   nan   nan   nan   nan
400   0.740000   5.000000   nan   nan   nan   nan   nan   nan   nan   nan   nan   nan   nan   nan   nan   nan   nan   nan   nan
421   0.780000   5.000000   nan   nan   nan   nan   nan   nan   nan   nan   nan   nan   nan   nan   nan   nan   nan   nan   nan
442   0.820000   5.000000   nan   nan   nan   nan   nan   nan   nan   nan   nan   nan   nan   nan   nan   nan   nan   nan   nan
463   0.860000   5.000000   nan   nan   nan   nan   nan   nan   nan   nan   nan   nan   nan   nan   nan   nan   nan   nan   nan
484   0.900000   5.000000   nan   nan   nan   nan   nan   nan   nan   nan   nan   nan   nan   nan   nan   nan   nan   nan   nan
505   0.940000   5.000000   nan   nan   nan   nan   nan   nan   nan   nan   nan   nan   nan   nan   nan   nan   nan   nan   nan
526   0.980000   5.000000   nan   nan   nan   nan   nan   nan   nan   nan   nan   nan   nan   nan   nan   nan   nan   nan   nan
547   1.020000   5.000000   nan   nan   nan   nan   nan   nan   nan   nan   nan   nan   nan   nan   nan   nan   nan   nan   nan
568   1.060000   5.000000   nan   nan   nan   nan   nan   nan   nan   nan   nan   nan   nan   nan   nan   nan   nan   nan   nan
589   1.100000   5.000000   nan   nan   nan   nan   nan   nan   nan   nan   nan   nan   nan   nan   nan   nan   nan   nan   nan
610   1.140000   5.000000   nan   nan   nan   nan   nan   nan   nan   nan   nan   nan   nan   nan   nan   nan   nan   nan   nan
631   1.180000   5.000000   nan   nan   nan   nan   nan   nan   nan   nan   nan   nan   nan   nan   nan   nan   nan   nan   nan
23   0.020000   15.000000   -2.868e+01   -1.387e+01   -1.825e+00   3.279e-01   -3.917e+00   -1.808e+01   2.578e+01   -6.797e-01   -2.868e+01   -1.387e+01   -3.876e+00   3.279e-01   -3.917e+00   -0.000e+00   0.000e+00   -7.205e+00   3.313e+01
44   0.060000   15.000000   -3.013e+01   -1.280e+01   -2.071e+00   7.718e-02   -4.067e+00   -1.626e+01   3.791e+01   -7.920e-01   -3.013e+01   -1.280e+01   -4.337e+00   7.718e-02   -4.067e+00   -0.000e+00   0.000e+00   -8.395e+00   3.432e+01
65   0.100000   15.000000   -2.763e+01   -1.077e+01   -1.920e+00   4.469e-01   -3.564e+00   -1.357e+01   3.682e+01   -7.337e-01   -2.763e+01   -1.077e+01   -4.005e+00   4.469e-01   -3.564e+00   -0.000e+00   0.000e+00   -7.777e+00   3.112e+01
86   0.140000   15.000000   -2.557e+01   -9.110e+00   -1.856e+00   9.104e-01   -3.130e+00   -1.144e+01   3.492e+01   -7.047e-01   -2.557e+01   -9.110e+00   -3.907e+00   9.104e-01   -3.130e+00   -0.000e+00   0.000e+00   -7.470e+00   2.861e+01
107   0.180000   15.000000   -2.453e+01   -7.609e+00   -1.885e+00   1.581e+00   -2.626e+00   -9.517e+00   3.462e+01   -6.878e-01   -2.453e+01   -7.609e+00   -3.936e+00   1.581e+00   -2.626e+00   -0.000e+00   0.000e+00   -7.291e+00   2.716e+01
128   0.220000   15.000000   -2.421e+01   -5.679e+00   -1.997e+00   2.373e+00   -1.906e+00   -7.087e+00   3.517e+01   -6.852e-01   -2.421e+01   -5.679e+00   -4.070e+00   2.373e+00   -1.906e+00   -0.000e+00   0.000e+00   -7.263e+00   2.640e+01
149   0.260000   15.000000   -2.306e+01   -3.462e+00   -2.009e+00   2.730e+00   -1.110e+00   -4.335e+00   3.440e+01   -6.642e-01   -2.306e+01   -3.462e+00   -4.006e+00   2.730e+00   -1.110e+00   -0.000e+00   0.000e+00   -7.041e+00   2.486e+01
170   0.300000   15.000000   -2.094e+01   -2.180e+00   -1.822e+00   2.624e+00   -6.715e-01   -2.731e+00   3.124e+01   -5.937e-01   -2.094e+01   -2.180e+00   -3.555e+00   2.624e+00   -6.715e-01   -0.000e+00   0.000e+00   -6.293e+00   2.242e+01
191   0.340000   15.000000   -1.831e+01   -1.867e+00   -1.576e+00   2.339e+00   -5.735e-01   -2.315e+00   2.641e+01   -5.126e-01   -1.831e+01   -1.867e+00   -3.004e+00   2.339e+00   -5.735e-01   -0.000e+00   0.000e+00   -5.434e+00   1.957e+01
212   0.380000   15.000000   nan   nan   nan   nan   nan   nan   nan   nan   nan   nan   nan   nan   nan   nan   nan   nan   nan
233   0.420000   15.000000   nan   nan   nan   nan   nan   nan   nan   nan   nan   nan   nan   nan   nan   nan   nan   nan   nan
254   0.460000   15.000000   nan   nan   nan   nan   nan   nan   nan   nan   nan   nan   nan   nan   nan   nan   nan   nan   nan
275   0.500000   15.000000   nan   nan   nan   nan   nan   nan   nan   nan   nan   nan   nan   nan   nan   nan   nan   nan   nan
296   0.540000   15.000000   nan   nan   nan   nan   nan   nan   nan   nan   nan   nan   nan   nan   nan   nan   nan   nan   nan
317   0.580000   15.000000   nan   nan   nan   nan   nan   nan   nan   nan   nan   nan   nan   nan   nan   nan   nan   nan   nan
338   0.620000   15.000000   nan   nan   nan   nan   nan   nan   nan   nan   nan   nan   nan   nan   nan   nan   nan   nan   nan
359   0.660000   15.000000   nan   nan   nan   nan   nan   nan   nan   nan   nan   nan   nan   nan   nan   nan   nan   nan   nan
380   0.700000   15.000000   nan   nan   nan   nan   nan   nan   nan   nan   nan   nan   nan   nan   nan   nan   nan   nan   nan
401   0.740000   15.000000   nan   nan   nan   nan   nan   nan   nan   nan   nan   nan   nan   nan   nan   nan   nan   nan   nan
422   0.780000   15.000000   nan   nan   nan   nan   nan   nan   nan   nan   nan   nan   nan   nan   nan   nan   nan   nan   nan
443   0.820000   15.000000   nan   nan   nan   nan   nan   nan   nan   nan   nan   nan   nan   nan   nan   nan   nan   nan   nan
464   0.860000   15.000000   nan   nan   nan   nan   nan   nan   nan   nan   nan   nan   nan   nan   nan   nan   nan   nan   nan
485   0.900000   15.000000   nan   nan   nan   nan   nan   nan   nan   nan   nan   nan   nan   nan   nan   nan   nan   nan   nan
506   0.940000   15.000000   nan   nan   nan   nan   nan   nan   nan   nan   nan   nan   nan   nan   nan   nan   nan   nan   nan
527   0.980000   15.000000   nan   nan   nan   nan   nan   nan   nan   nan   nan   nan   nan   nan   nan   nan   nan   nan   nan
548   1.020000   15.000000   nan   nan   nan   nan   nan   nan   nan   nan   nan   nan   nan   nan   nan   nan   nan   nan   nan
569   1.060000   15.000000   nan   nan   nan   nan   nan   nan   nan   nan   nan   nan   nan   nan   nan   nan   nan   nan   nan
590   1.100000   15.000000   nan   nan   nan   nan   nan   nan   nan   nan   nan   nan   nan   nan   nan   nan   nan   nan   nan
611   1.140000   15.000000   nan   nan   nan   nan   nan   nan   nan   nan   nan   nan   nan   nan   nan   nan   nan   nan   nan
632   1.180000   15.000000   nan   nan   nan   nan   nan   nan   nan   nan   nan   nan   nan   nan   nan   nan   nan   nan   nan
24   0.020000   25.000000   -2.648e+01   -1.787e+01   -1.447e+00   -1.053e+00   -5.798e+00   -2.273e+01   2.083e+01   -6.042e-01   -2.648e+01   -1.787e+01   -3.073e+00   -1.053e+00   -5.798e+00   -0.000e+00   0.000e+00   -6.405e+00   3.325e+01
45   0.060000   25.000000   -2.838e+01   -1.806e+01   -1.787e+00   -3.472e-01   -6.194e+00   -2.238e+01   3.289e+01   -7.115e-01   -2.838e+01   -1.806e+01   -3.742e+00   -3.472e-01   -6.194e+00   -0.000e+00   0.000e+00   -7.542e+00   3.523e+01
66   0.100000   25.000000   -2.673e+01   -1.552e+01   -1.867e+00   8.113e-01   -5.399e+00   -1.917e+01   3.540e+01   -7.031e-01   -2.673e+01   -1.552e+01   -3.891e+00   8.113e-01   -5.399e+00   -0.000e+00   0.000e+00   -7.453e+00   3.250e+01
87   0.140000   25.000000   -2.515e+01   -1.318e+01   -1.892e+00   1.611e+00   -4.676e+00   -1.626e+01   3.508e+01   -6.886e-01   -2.515e+01   -1.318e+01   -3.949e+00   1.611e+00   -4.676e+00   -0.000e+00   0.000e+00   -7.299e+00   2.999e+01
108   0.180000   25.000000   -2.441e+01   -1.084e+01   -1.979e+00   2.508e+00   -3.814e+00   -1.339e+01   3.572e+01   -6.828e-01   -2.441e+01   -1.084e+01   -4.089e+00   2.508e+00   -3.814e+00   -0.000e+00   0.000e+00   -7.238e+00   2.835e+01
129   0.220000   25.000000   -2.410e+01   -8.142e+00   -2.088e+00   3.300e+00   -2.782e+00   -1.006e+01   3.625e+01   -6.816e-01   -2.410e+01   -8.142e+00   -4.232e+00   3.300e+00   -2.782e+00   -0.000e+00   0.000e+00   -7.225e+00   2.713e+01
150   0.260000   25.000000   -2.251e+01   -6.257e+00   -2.027e+00   3.425e+00   -2.114e+00   -7.701e+00   3.461e+01   -6.477e-01   -2.251e+01   -6.257e+00   -4.032e+00   3.425e+00   -2.114e+00   -0.000e+00   0.000e+00   -6.866e+00   2.501e+01
171   0.300000   25.000000   -2.040e+01   -4.650e+00   -1.814e+00   3.195e+00   -1.538e+00   -5.716e+00   3.093e+01   -5.759e-01   -2.040e+01   -4.650e+00   -3.550e+00   3.195e+00   -1.538e+00   -0.000e+00   0.000e+00   -6.105e+00   2.236e+01
192   0.340000   25.000000   -1.803e+01   -3.866e+00   -1.568e+00   2.846e+00   -1.269e+00   -4.740e+00   2.654e+01   -5.019e-01   -1.803e+01   -3.866e+00   -3.036e+00   2.846e+00   -1.269e+00   -0.000e+00   0.000e+00   -5.320e+00   1.968e+01
213   0.380000   25.000000   -1.585e+01   -3.406e+00   -1.357e+00   2.538e+00   -1.122e+00   -4.159e+00   2.288e+01   -4.409e-01   -1.585e+01   -3.406e+00   -2.614e+00   2.538e+00   -1.122e+00   -0.000e+00   0.000e+00   -4.674e+00   1.730e+01
234   0.420000   25.000000   -1.447e+01   -2.424e+00   -1.219e+00   2.425e+00   -7.895e-01   -2.967e+00   2.059e+01   -3.994e-01   -1.447e+01   -2.424e+00   -2.348e+00   2.425e+00   -7.895e-01   -0.000e+00   0.000e+00   -4.234e+00   1.566e+01
255   0.460000   25.000000   nan   nan   nan   nan   nan   nan   nan   nan   nan   nan   nan   nan   nan   nan   nan   nan   nan
276   0.500000   25.000000   nan   nan   nan   nan   nan   nan   nan   nan   nan   nan   nan   nan   nan   nan   nan   nan   nan
297   0.540000   25.000000   nan   nan   nan   nan   nan   nan   nan   nan   nan   nan   nan   nan   nan   nan   nan   nan   nan
318   0.580000   25.000000   nan   nan   nan   nan   nan   nan   nan   nan   nan   nan   nan   nan   nan   nan   nan   nan   nan
339   0.620000   25.000000   nan   nan   nan   nan   nan   nan   nan   nan   nan   nan   nan   nan   nan   nan   nan   nan   nan
360   0.660000   25.000000   nan   nan   nan   nan   nan   nan   nan   nan   nan   nan   nan   nan   nan   nan   nan   nan   nan
381   0.700000   25.000000   nan   nan   nan   nan   nan   nan   nan   nan   nan   nan   nan   nan   nan   nan   nan   nan   nan
402   0.740000   25.000000   nan   nan   nan   nan   nan   nan   nan   nan   nan   nan   nan   nan   nan   nan   nan   nan   nan
423   0.780000   25.000000   nan   nan   nan   nan   nan   nan   nan   nan   nan   nan   nan   nan   nan   nan   nan   nan   nan
444   0.820000   25.000000   nan   nan   nan   nan   nan   nan   nan   nan   nan   nan   nan   nan   nan   nan   nan   nan   nan
465   0.860000   25.000000   nan   nan   nan   nan   nan   nan   nan   nan   nan   nan   nan   nan   nan   nan   nan   nan   nan
486   0.900000   25.000000   nan   nan   nan   nan   nan   nan   nan   nan   nan   nan   nan   nan   nan   nan   nan   nan   nan
507   0.940000   25.000000   nan   nan   nan   nan   nan   nan   nan   nan   nan   nan   nan   nan   nan   nan   nan   nan   nan
528   0.980000   25.000000   nan   nan   nan   nan   nan   nan   nan   nan   nan   nan   nan   nan   nan   nan   nan   nan   nan
549   1.020000   25.000000   nan   nan   nan   nan   nan   nan   nan   nan   nan   nan   nan   nan   nan   nan   nan   nan   nan
570   1.060000   25.000000   nan   nan   nan   nan   nan   nan   nan   nan   nan   nan   nan   nan   nan   nan   nan   nan   nan
591   1.100000   25.000000   nan   nan   nan   nan   nan   nan   nan   nan   nan   nan   nan   nan   nan   nan   nan   nan   nan
612   1.140000   25.000000   nan   nan   nan   nan   nan   nan   nan   nan   nan   nan   nan   nan   nan   nan   nan   nan   nan
633   1.180000   25.000000   nan   nan   nan   nan   nan   nan   nan   nan   nan   nan   nan   nan   nan   nan   nan   nan   nan
25   0.020000   35.000000   -2.570e+01   -2.205e+01   -1.359e+00   -7.764e-01   -7.471e+00   -2.749e+01   2.028e+01   -5.647e-01   -2.570e+01   -2.205e+01   -2.880e+00   -7.764e-01   -7.471e+00   -0.000e+00   0.000e+00   -5.986e+00   3.531e+01
46   0.060000   35.000000   -2.628e+01   -2.244e+01   -1.582e+00   -3.583e-01   -8.096e+00   -2.737e+01   2.847e+01   -6.442e-01   -2.628e+01   -2.244e+01   -3.319e+00   -3.583e-01   -8.096e+00   -0.000e+00   0.000e+00   -6.829e+00   3.629e+01
67   0.100000   35.000000   -2.445e+01   -1.956e+01   -1.580e+00   5.296e-01   -7.024e+00   -2.385e+01   3.017e+01   -6.183e-01   -2.445e+01   -1.956e+01   -3.293e+00   5.296e-01   -7.024e+00   -0.000e+00   0.000e+00   -6.554e+00   3.292e+01
88   0.140000   35.000000   -2.368e+01   -1.668e+01   -1.758e+00   1.879e+00   -6.033e+00   -2.035e+01   3.253e+01   -6.326e-01   -2.368e+01   -1.668e+01   -3.644e+00   1.879e+00   -6.033e+00   -0.000e+00   0.000e+00   -6.706e+00   3.062e+01
109   0.180000   35.000000   -2.332e+01   -1.387e+01   -1.906e+00   3.002e+00   -4.924e+00   -1.695e+01   3.418e+01   -6.396e-01   -2.332e+01   -1.387e+01   -3.907e+00   3.002e+00   -4.924e+00   -0.000e+00   0.000e+00   -6.780e+00   2.882e+01
130   0.220000   35.000000   -2.290e+01   -1.125e+01   -1.980e+00   3.666e+00   -3.925e+00   -1.376e+01   3.438e+01   -6.358e-01   -2.290e+01   -1.125e+01   -4.002e+00   3.666e+00   -3.925e+00   -0.000e+00   0.000e+00   -6.739e+00   2.722e+01
151   0.260000   35.000000   -2.127e+01   -9.133e+00   -1.904e+00   3.751e+00   -3.166e+00   -1.114e+01   3.272e+01   -6.029e-01   -2.127e+01   -9.133e+00   -3.804e+00   3.751e+00   -3.166e+00   -0.000e+00   0.000e+00   -6.391e+00   2.480e+01
172   0.300000   35.000000   -1.906e+01   -7.540e+00   -1.662e+00   3.345e+00   -2.590e+00   -9.196e+00   2.859e+01   -5.321e-01   -1.906e+01   -7.540e+00   -3.291e+00   3.345e+00   -2.590e+00   -0.000e+00   0.000e+00   -5.640e+00   2.192e+01
193   0.340000   35.000000   -1.671e+01   -6.303e+00   -1.418e+00   2.916e+00   -2.150e+00   -7.672e+00   2.433e+01   -4.618e-01   -1.671e+01   -6.303e+00   -2.788e+00   2.916e+00   -2.150e+00   -0.000e+00   0.000e+00   -4.895e+00   1.908e+01
214   0.380000   35.000000   -1.434e+01   -5.360e+00   -1.160e+00   2.453e+00   -1.827e+00   -6.509e+00   2.053e+01   -3.901e-01   -1.434e+01   -5.360e+00   -2.270e+00   2.453e+00   -1.827e+00   -0.000e+00   0.000e+00   -4.135e+00   1.631e+01
235   0.420000   35.000000   -1.261e+01   -4.977e+00   -9.498e-01   2.043e+00   -1.693e+00   -6.039e+00   1.722e+01   -3.341e-01   -1.261e+01   -4.977e+00   -1.860e+00   2.043e+00   -1.693e+00   -0.000e+00   0.000e+00   -3.541e+00   1.438e+01
256   0.460000   35.000000   -1.148e+01   -5.108e+00   -7.941e-01   1.702e+00   -1.731e+00   -6.194e+00   1.491e+01   -2.960e-01   -1.148e+01   -5.108e+00   -1.556e+00   1.702e+00   -1.731e+00   -0.000e+00   0.000e+00   -3.138e+00   1.327e+01
277   0.500000   35.000000   -1.095e+01   -5.184e+00   -7.247e-01   1.558e+00   -1.766e+00   -6.285e+00   1.389e+01   -2.808e-01   -1.095e+01   -5.184e+00   -1.425e+00   1.558e+00   -1.766e+00   -0.000e+00   0.000e+00   -2.976e+00   1.277e+01
298   0.540000   35.000000   nan   nan   nan   nan   nan   nan   nan   nan   nan   nan   nan   nan   nan   nan   nan   nan   nan
319   0.580000   35.000000   nan   nan   nan   nan   nan   nan   nan   nan   nan   nan   nan   nan   nan   nan   nan   nan   nan
340   0.620000   35.000000   nan   nan   nan   nan   nan   nan   nan   nan   nan   nan   nan   nan   nan   nan   nan   nan   nan
361   0.660000   35.000000   nan   nan   nan   nan   nan   nan   nan   nan   nan   nan   nan   nan   nan   nan   nan   nan   nan
382   0.700000   35.000000   nan   nan   nan   nan   nan   nan   nan   nan   nan   nan   nan   nan   nan   nan   nan   nan   nan
403   0.740000   35.000000   nan   nan   nan   nan   nan   nan   nan   nan   nan   nan   nan   nan   nan   nan   nan   nan   nan
424   0.780000   35.000000   nan   nan   nan   nan   nan   nan   nan   nan   nan   nan   nan   nan   nan   nan   nan   nan   nan
445   0.820000   35.000000   nan   nan   nan   nan   nan   nan   nan   nan   nan   nan   nan   nan   nan   nan   nan   nan   nan
466   0.860000   35.000000   nan   nan   nan   nan   nan   nan   nan   nan   nan   nan   nan   nan   nan   nan   nan   nan   nan
487   0.900000   35.000000   nan   nan   nan   nan   nan   nan   nan   nan   nan   nan   nan   nan   nan   nan   nan   nan   nan
508   0.940000   35.000000   nan   nan   nan   nan   nan   nan   nan   nan   nan   nan   nan   nan   nan   nan   nan   nan   nan
529   0.980000   35.000000   nan   nan   nan   nan   nan   nan   nan   nan   nan   nan   nan   nan   nan   nan   nan   nan   nan
550   1.020000   35.000000   nan   nan   nan   nan   nan   nan   nan   nan   nan   nan   nan   nan   nan   nan   nan   nan   nan
571   1.060000   35.000000   nan   nan   nan   nan   nan   nan   nan   nan   nan   nan   nan   nan   nan   nan   nan   nan   nan
592   1.100000   35.000000   nan   nan   nan   nan   nan   nan   nan   nan   nan   nan   nan   nan   nan   nan   nan   nan   nan
613   1.140000   35.000000   nan   nan   nan   nan   nan   nan   nan   nan   nan   nan   nan   nan   nan   nan   nan   nan   nan
634   1.180000   35.000000   nan   nan   nan   nan   nan   nan   nan   nan   nan   nan   nan   nan   nan   nan   nan   nan   nan
26   0.020000   45.000000   -2.057e+01   -2.433e+01   -6.728e-01   -2.531e+00   -8.629e+00   -3.016e+01   9.179e+00   -3.956e-01   -2.057e+01   -2.433e+01   -1.443e+00   -2.531e+00   -8.629e+00   -0.000e+00   0.000e+00   -4.193e+00   3.341e+01
47   0.060000   45.000000   -2.095e+01   -2.528e+01   -7.918e-01   -2.260e+00   -9.442e+00   -3.060e+01   1.640e+01   -4.502e-01   -2.095e+01   -2.528e+01   -1.672e+00   -2.260e+00   -9.442e+00   -0.000e+00   0.000e+00   -4.772e+00   3.461e+01
68   0.100000   45.000000   -2.080e+01   -2.263e+01   -1.099e+00   -3.171e-01   -8.348e+00   -2.738e+01   2.224e+01   -4.905e-01   -2.080e+01   -2.263e+01   -2.299e+00   -3.171e-01   -8.348e+00   -0.000e+00   0.000e+00   -5.199e+00   3.236e+01
89   0.140000   45.000000   -2.087e+01   -1.968e+01   -1.404e+00   1.467e+00   -7.248e+00   -2.382e+01   2.664e+01   -5.318e-01   -2.087e+01   -1.968e+01   -2.915e+00   1.467e+00   -7.248e+00   -0.000e+00   0.000e+00   -5.637e+00   3.029e+01
110   0.180000   45.000000   -2.072e+01   -1.690e+01   -1.568e+00   2.623e+00   -6.102e+00   -2.049e+01   2.869e+01   -5.441e-01   -2.072e+01   -1.690e+01   -3.213e+00   2.623e+00   -6.102e+00   -0.000e+00   0.000e+00   -5.767e+00   2.833e+01
131   0.220000   45.000000   -2.011e+01   -1.477e+01   -1.588e+00   3.074e+00   -5.263e+00   -1.792e+01   2.846e+01   -5.339e-01   -2.011e+01   -1.477e+01   -3.224e+00   3.074e+00   -5.263e+00   -0.000e+00   0.000e+00   -5.659e+00   2.650e+01
152   0.260000   45.000000   -1.847e+01   -1.272e+01   -1.481e+00   3.044e+00   -4.533e+00   -1.542e+01   2.667e+01   -4.989e-01   -1.847e+01   -1.272e+01   -2.989e+00   3.044e+00   -4.533e+00   -0.000e+00   0.000e+00   -5.288e+00   2.387e+01
173   0.300000   45.000000   -1.638e+01   -1.090e+01   -1.256e+00   2.636e+00   -3.857e+00   -1.323e+01   2.299e+01   -4.361e-01   -1.638e+01   -1.090e+01   -2.523e+00   2.636e+00   -3.857e+00   -0.000e+00   0.000e+00   -4.623e+00   2.090e+01
194   0.340000   45.000000   -1.419e+01   -9.196e+00   -1.030e+00   2.214e+00   -3.238e+00   -1.114e+01   1.930e+01   -3.722e-01   -1.419e+01   -9.196e+00   -2.065e+00   2.214e+00   -3.238e+00   -0.000e+00   0.000e+00   -3.945e+00   1.792e+01
215   0.380000   45.000000   -1.207e+01   -7.620e+00   -8.134e-01   1.796e+00   -2.672e+00   -9.248e+00   1.617e+01   -3.109e-01   -1.207e+01   -7.620e+00   -1.630e+00   1.796e+00   -2.672e+00   -0.000e+00   0.000e+00   -3.296e+00   1.509e+01
236   0.420000   45.000000   -1.072e+01   -6.635e+00   -6.665e-01   1.502e+00   -2.303e+00   -8.062e+00   1.377e+01   -2.698e-01   -1.072e+01   -6.635e+00   -1.336e+00   1.502e+00   -2.303e+00   -0.000e+00   0.000e+00   -2.860e+00   1.328e+01
257   0.460000   45.000000   -9.901e+00   -6.176e+00   -5.736e-01   1.311e+00   -2.143e+00   -7.494e+00   1.236e+01   -2.463e-01   -9.901e+00   -6.176e+00   -1.152e+00   1.311e+00   -2.143e+00   -0.000e+00   0.000e+00   -2.611e+00   1.227e+01
278   0.500000   45.000000   -9.368e+00   -6.005e+00   -5.019e-01   1.164e+00   -2.078e+00   -7.311e+00   1.155e+01   -2.301e-01   -9.368e+00   -6.005e+00   -1.014e+00   1.164e+00   -2.078e+00   -0.000e+00   0.000e+00   -2.439e+00   1.168e+01
299   0.540000   45.000000   -9.190e+00   -6.119e+00   -4.613e-01   1.079e+00   -2.114e+00   -7.460e+00   1.111e+01   -2.240e-01   -9.190e+00   -6.119e+00   -9.364e-01   1.079e+00   -2.114e+00   -0.000e+00   0.000e+00   -2.374e+00   1.158e+01
320   0.580000   45.000000   -9.167e+00   -6.366e+00   -4.372e-01   1.026e+00   -2.231e+00   -7.741e+00   1.102e+01   -2.246e-01   -9.167e+00   -6.366e+00   -8.928e-01   1.026e+00   -2.231e+00   -0.000e+00   0.000e+00   -2.381e+00   1.171e+01
341   0.620000   45.000000   -9.104e+00   -6.641e+00   -4.014e-01   9.500e-01   -2.330e+00   -8.119e+00   1.088e+01   -2.217e-01   -9.104e+00   -6.641e+00   -8.277e-01   9.500e-01   -2.330e+00   -0.000e+00   0.000e+00   -2.350e+00   1.181e+01
362   0.660000   45.000000   -9.259e+00   -7.024e+00   -3.821e-01   8.812e-01   -2.472e+00   -8.606e+00   1.091e+01   -2.248e-01   -9.259e+00   -7.024e+00   -7.921e-01   8.812e-01   -2.472e+00   -0.000e+00   0.000e+00   -2.383e+00   1.218e+01
383   0.700000   45.000000   -9.465e+00   -7.511e+00   -3.578e-01   7.546e-01   -2.668e+00   -9.213e+00   1.094e+01   -2.302e-01   -9.465e+00   -7.511e+00   -7.478e-01   7.546e-01   -2.668e+00   -0.000e+00   0.000e+00   -2.440e+00   1.266e+01
404   0.740000   45.000000   nan   nan   nan   nan   nan   nan   nan   nan   nan   nan   nan   nan   nan   nan   nan   nan   nan
425   0.780000   45.000000   nan   nan   nan   nan   nan   nan   nan   nan   nan   nan   nan   nan   nan   nan   nan   nan   nan
446   0.820000   45.000000   nan   nan   nan   nan   nan   nan   nan   nan   nan   nan   nan   nan   nan   nan   nan   nan   nan
467   0.860000   45.000000   nan   nan   nan   nan   nan   nan   nan   nan   nan   nan   nan   nan   nan   nan   nan   nan   nan
488   0.900000   45.000000   nan   nan   nan   nan   nan   nan   nan   nan   nan   nan   nan   nan   nan   nan   nan   nan   nan
509   0.940000   45.000000   nan   nan   nan   nan   nan   nan   nan   nan   nan   nan   nan   nan   nan   nan   nan   nan   nan
530   0.980000   45.000000   nan   nan   nan   nan   nan   nan   nan   nan   nan   nan   nan   nan   nan   nan   nan   nan   nan
551   1.020000   45.000000   nan   nan   nan   nan   nan   nan   nan   nan   nan   nan   nan   nan   nan   nan   nan   nan   nan
572   1.060000   45.000000   nan   nan   nan   nan   nan   nan   nan   nan   nan   nan   nan   nan   nan   nan   nan   nan   nan
593   1.100000   45.000000   nan   nan   nan   nan   nan   nan   nan   nan   nan   nan   nan   nan   nan   nan   nan   nan   nan
614   1.140000   45.000000   nan   nan   nan   nan   nan   nan   nan   nan   nan   nan   nan   nan   nan   nan   nan   nan   nan
635   1.180000   45.000000   nan   nan   nan   nan   nan   nan   nan   nan   nan   nan   nan   nan   nan   nan   nan   nan   nan
27   0.020000   55.000000   -1.721e+01   -2.639e+01   -2.967e-01   -3.073e+00   -9.620e+00   -3.247e+01   3.647e+00   -2.826e-01   -1.721e+01   -2.639e+01   -6.379e-01   -3.073e+00   -9.620e+00   -0.000e+00   0.000e+00   -2.996e+00   3.323e+01
48   0.060000   55.000000   -1.585e+01   -2.729e+01   -1.591e-01   -3.521e+00   -1.040e+01   -3.288e+01   7.271e+00   -2.820e-01   -1.585e+01   -2.729e+01   -3.379e-01   -3.521e+00   -1.040e+01   -0.000e+00   0.000e+00   -2.989e+00   3.355e+01
69   0.100000   55.000000   -1.530e+01   -2.451e+01   -3.870e-01   -1.905e+00   -9.225e+00   -2.954e+01   1.182e+01   -3.112e-01   -1.530e+01   -2.451e+01   -8.158e-01   -1.905e+00   -9.225e+00   -0.000e+00   0.000e+00   -3.299e+00   3.058e+01
90   0.140000   55.000000   -1.549e+01   -2.174e+01   -6.541e-01   -3.234e-01   -8.193e+00   -2.624e+01   1.568e+01   -3.507e-01   -1.549e+01   -2.174e+01   -1.374e+00   -3.234e-01   -8.193e+00   -0.000e+00   0.000e+00   -3.717e+00   2.820e+01
111   0.180000   55.000000   -1.598e+01   -1.938e+01   -8.973e-01   1.071e+00   -7.173e+00   -2.344e+01   1.886e+01   -3.841e-01   -1.598e+01   -1.938e+01   -1.866e+00   1.071e+00   -7.173e+00   -0.000e+00   0.000e+00   -4.071e+00   2.652e+01
132   0.220000   55.000000   -1.559e+01   -1.744e+01   -9.360e-01   1.564e+00   -6.377e+00   -2.110e+01   1.925e+01   -3.814e-01   -1.559e+01   -1.744e+01   -1.932e+00   1.564e+00   -6.377e+00   -0.000e+00   0.000e+00   -4.043e+00   2.471e+01
153   0.260000   55.000000   -1.432e+01   -1.518e+01   -8.645e-01   1.644e+00   -5.537e+00   -1.838e+01   1.821e+01   -3.560e-01   -1.432e+01   -1.518e+01   -1.777e+00   1.644e+00   -5.537e+00   -0.000e+00   0.000e+00   -3.774e+00   2.205e+01
174   0.300000   55.000000   -1.265e+01   -1.295e+01   -7.155e-01   1.444e+00   -4.684e+00   -1.573e+01   1.580e+01   -3.107e-01   -1.265e+01   -1.295e+01   -1.471e+00   1.444e+00   -4.684e+00   -0.000e+00   0.000e+00   -3.293e+00   1.910e+01
195   0.340000   55.000000   -1.104e+01   -1.077e+01   -5.799e-01   1.252e+00   -3.871e+00   -1.305e+01   1.359e+01   -2.676e-01   -1.104e+01   -1.077e+01   -1.192e+00   1.252e+00   -3.871e+00   -0.000e+00   0.000e+00   -2.837e+00   1.624e+01
216   0.380000   55.000000   -9.545e+00   -8.766e+00   -4.571e-01   1.054e+00   -3.123e+00   -1.066e+01   1.169e+01   -2.278e-01   -9.545e+00   -8.766e+00   -9.412e-01   1.054e+00   -3.123e+00   -0.000e+00   0.000e+00   -2.415e+00   1.362e+01
237   0.420000   55.000000   -8.537e+00   -7.506e+00   -3.669e-01   8.978e-01   -2.642e+00   -9.156e+00   1.019e+01   -1.993e-01   -8.537e+00   -7.506e+00   -7.580e-01   8.978e-01   -2.642e+00   -0.000e+00   0.000e+00   -2.113e+00   1.192e+01
258   0.460000   55.000000   -7.993e+00   -6.812e+00   -3.140e-01   8.056e-01   -2.398e+00   -8.308e+00   9.402e+00   -1.845e-01   -7.993e+00   -6.812e+00   -6.515e-01   8.056e-01   -2.398e+00   -0.000e+00   0.000e+00   -1.956e+00   1.100e+01
279   0.500000   55.000000   -7.626e+00   -6.486e+00   -2.703e-01   7.128e-01   -2.268e+00   -7.941e+00   8.892e+00   -1.744e-01   -7.626e+00   -6.486e+00   -5.644e-01   7.128e-01   -2.268e+00   -0.000e+00   0.000e+00   -1.849e+00   1.047e+01
300   0.540000   55.000000   -7.506e+00   -6.492e+00   -2.415e-01   6.560e-01   -2.264e+00   -7.958e+00   8.646e+00   -1.703e-01   -7.506e+00   -6.492e+00   -5.074e-01   6.560e-01   -2.264e+00   -0.000e+00   0.000e+00   -1.805e+00   1.037e+01
321   0.580000   55.000000   -7.489e+00   -6.618e+00   -2.169e-01   6.010e-01   -2.350e+00   -8.107e+00   8.571e+00   -1.702e-01   -7.489e+00   -6.618e+00   -4.596e-01   6.010e-01   -2.350e+00   -0.000e+00   0.000e+00   -1.804e+00   1.045e+01
342   0.620000   55.000000   -7.523e+00   -6.824e+00   -1.974e-01   5.456e-01   -2.416e+00   -8.394e+00   8.566e+00   -1.711e-01   -7.523e+00   -6.824e+00   -4.213e-01   5.456e-01   -2.416e+00   -0.000e+00   0.000e+00   -1.814e+00   1.062e+01
363   0.660000   55.000000   -7.374e+00   -7.128e+00   -1.448e-01   3.660e-01   -2.569e+00   -8.829e+00   8.170e+00   -1.669e-01   -7.374e+00   -7.128e+00   -3.151e-01   3.660e-01   -2.569e+00   -0.000e+00   0.000e+00   -1.769e+00   1.073e+01
384   0.700000   55.000000   nan   nan   nan   nan   nan   nan   nan   nan   nan   nan   nan   nan   nan   nan   nan   nan   nan
405   0.740000   55.000000   nan   nan   nan   nan   nan   nan   nan   nan   nan   nan   nan   nan   nan   nan   nan   nan   nan
426   0.780000   55.000000   nan   nan   nan   nan   nan   nan   nan   nan   nan   nan   nan   nan   nan   nan   nan   nan   nan
447   0.820000   55.000000   nan   nan   nan   nan   nan   nan   nan   nan   nan   nan   nan   nan   nan   nan   nan   nan   nan
468   0.860000   55.000000   nan   nan   nan   nan   nan   nan   nan   nan   nan   nan   nan   nan   nan   nan   nan   nan   nan
489   0.900000   55.000000   nan   nan   nan   nan   nan   nan   nan   nan   nan   nan   nan   nan   nan   nan   nan   nan   nan
510   0.940000   55.000000   nan   nan   nan   nan   nan   nan   nan   nan   nan   nan   nan   nan   nan   nan   nan   nan   nan
531   0.980000   55.000000   nan   nan   nan   nan   nan   nan   nan   nan   nan   nan   nan   nan   nan   nan   nan   nan   nan
552   1.020000   55.000000   nan   nan   nan   nan   nan   nan   nan   nan   nan   nan   nan   nan   nan   nan   nan   nan   nan
573   1.060000   55.000000   nan   nan   nan   nan   nan   nan   nan   nan   nan   nan   nan   nan   nan   nan   nan   nan   nan
594   1.100000   55.000000   nan   nan   nan   nan   nan   nan   nan   nan   nan   nan   nan   nan   nan   nan   nan   nan   nan
615   1.140000   55.000000   nan   nan   nan   nan   nan   nan   nan   nan   nan   nan   nan   nan   nan   nan   nan   nan   nan
636   1.180000   55.000000   nan   nan   nan   nan   nan   nan   nan   nan   nan   nan   nan   nan   nan   nan   nan   nan   nan
28   0.020000   65.000000   -1.660e+01   -2.958e+01   -5.088e-01   -1.112e+00   -1.094e+01   -3.583e+01   5.456e+00   -2.797e-01   -1.660e+01   -2.958e+01   -1.085e+00   -1.112e+00   -1.094e+01   -0.000e+00   0.000e+00   -2.965e+00   3.580e+01
49   0.060000   65.000000   -8.503e+00   -2.796e+01   6.788e-01   -5.396e+00   -1.074e+01   -3.369e+01   -3.446e+00   -6.233e-02   -8.503e+00   -2.796e+01   1.453e+00   -5.396e+00   -1.074e+01   -0.000e+00   -0.000e+00   -6.607e-01   3.164e+01
70   0.100000   65.000000   -7.294e+00   -2.435e+01   5.850e-01   -4.385e+00   -9.265e+00   -2.943e+01   -4.518e-01   -7.372e-02   -7.294e+00   -2.435e+01   1.251e+00   -4.385e+00   -9.265e+00   -0.000e+00   -0.000e+00   -7.814e-01   2.745e+01
91   0.140000   65.000000   -7.964e+00   -2.190e+01   3.121e-01   -2.911e+00   -8.348e+00   -2.652e+01   3.189e+00   -1.198e-01   -7.964e+00   -2.190e+01   6.673e-01   -2.911e+00   -8.348e+00   -0.000e+00   0.000e+00   -1.270e+00   2.497e+01
112   0.180000   65.000000   -8.973e+00   -2.005e+01   2.933e-02   -1.478e+00   -7.575e+00   -2.435e+01   6.641e+00   -1.683e-01   -8.973e+00   -2.005e+01   6.262e-02   -1.478e+00   -7.575e+00   -0.000e+00   0.000e+00   -1.784e+00   2.335e+01
133   0.220000   65.000000   -9.775e+00   -1.836e+01   -1.735e-01   -4.242e-01   -6.881e+00   -2.230e+01   9.156e+00   -2.029e-01   -9.775e+00   -1.836e+01   -3.685e-01   -4.242e-01   -6.881e+00   -0.000e+00   0.000e+00   -2.151e+00   2.202e+01
154   0.260000   65.000000   -9.631e+00   -1.598e+01   -2.483e-01   1.232e-01   -5.953e+00   -1.943e+01   1.003e+01   -2.093e-01   -9.631e+00   -1.598e+01   -5.257e-01   1.232e-01   -5.953e+00   -0.000e+00   0.000e+00   -2.219e+00   1.972e+01
175   0.300000   65.000000   -8.818e+00   -1.356e+01   -2.234e-01   2.786e-01   -4.986e+00   -1.654e+01   9.425e+00   -1.924e-01   -8.818e+00   -1.356e+01   -4.732e-01   2.786e-01   -4.986e+00   -0.000e+00   0.000e+00   -2.039e+00   1.705e+01
196   0.340000   65.000000   -7.861e+00   -1.118e+01   -1.746e-01   3.093e-01   -4.094e+00   -1.362e+01   8.491e+00   -1.697e-01   -7.861e+00   -1.118e+01   -3.707e-01   3.093e-01   -4.094e+00   -0.000e+00   0.000e+00   -1.799e+00   1.439e+01
217   0.380000   65.000000   -6.979e+00   -9.018e+00   -1.347e-01   3.155e-01   -3.262e+00   -1.104e+01   7.597e+00   -1.488e-01   -6.979e+00   -9.018e+00   -2.873e-01   3.155e-01   -3.262e+00   -0.000e+00   0.000e+00   -1.577e+00   1.197e+01
238   0.420000   65.000000   -6.360e+00   -7.666e+00   -9.722e-02   2.727e-01   -2.744e+00   -9.425e+00   6.881e+00   -1.334e-01   -6.360e+00   -7.666e+00   -2.088e-01   2.727e-01   -2.744e+00   -0.000e+00   0.000e+00   -1.414e+00   1.043e+01
259   0.460000   65.000000   -5.993e+00   -6.893e+00   -6.775e-02   2.278e-01   -2.472e+00   -8.480e+00   6.446e+00   -1.237e-01   -5.993e+00   -6.893e+00   -1.467e-01   2.278e-01   -2.472e+00   -0.000e+00   0.000e+00   -1.311e+00   9.557e+00
280   0.500000   65.000000   -5.714e+00   -6.480e+00   -3.945e-02   1.674e-01   -2.314e+00   -8.021e+00   6.091e+00   -1.170e-01   -5.714e+00   -6.480e+00   -8.643e-02   1.674e-01   -2.314e+00   -0.000e+00   0.000e+00   -1.240e+00   9.032e+00
301   0.540000   65.000000   -5.587e+00   -6.406e+00   -1.469e-02   1.094e-01   -2.295e+00   -7.958e+00   5.890e+00   -1.131e-01   -5.587e+00   -6.406e+00   -3.260e-02   1.094e-01   -2.295e+00   -0.000e+00   0.000e+00   -1.199e+00   8.886e+00
322   0.580000   65.000000   -5.422e+00   -6.434e+00   2.487e-02   -6.709e-03   -2.360e+00   -7.998e+00   5.593e+00   -1.084e-01   -5.422e+00   -6.434e+00   5.613e-02   -6.709e-03   -2.360e+00   -0.000e+00   0.000e+00   -1.149e+00   8.815e+00
343   0.620000   65.000000   -5.201e+00   -6.520e+00   6.777e-02   -1.461e-01   -2.414e+00   -8.176e+00   5.209e+00   -1.024e-01   -5.201e+00   -6.520e+00   1.565e-01   -1.461e-01   -2.414e+00   -0.000e+00   0.000e+00   -1.085e+00   8.753e+00
364   0.660000   65.000000   -4.680e+00   -6.583e+00   1.515e-01   -4.408e-01   -2.490e+00   -8.348e+00   4.337e+00   -8.709e-02   -4.680e+00   -6.583e+00   3.609e-01   -4.408e-01   -2.490e+00   -0.000e+00   0.000e+00   -9.232e-01   8.521e+00
385   0.700000   65.000000   -4.337e+00   -6.709e+00   2.214e-01   -6.893e-01   -2.601e+00   -8.531e+00   3.712e+00   -7.612e-02   -4.337e+00   -6.709e+00   5.404e-01   -6.893e-01   -2.601e+00   -0.000e+00   0.000e+00   -8.069e-01   8.486e+00
406   0.740000   65.000000   -4.155e+00   -6.824e+00   2.599e-01   -7.769e-01   -2.653e+00   -8.709e+00   3.429e+00   -6.976e-02   -4.155e+00   -6.824e+00   6.409e-01   -7.769e-01   -2.653e+00   -0.000e+00   0.000e+00   -7.395e-01   8.511e+00
427   0.780000   65.000000   nan   nan   nan   nan   nan   nan   nan   nan   nan   nan   nan   nan   nan   nan   nan   nan   nan
448   0.820000   65.000000   nan   nan   nan   nan   nan   nan   nan   nan   nan   nan   nan   nan   nan   nan   nan   nan   nan
469   0.860000   65.000000   nan   nan   nan   nan   nan   nan   nan   nan   nan   nan   nan   nan   nan   nan   nan   nan   nan
490   0.900000   65.000000   nan   nan   nan   nan   nan   nan   nan   nan   nan   nan   nan   nan   nan   nan   nan   nan   nan
511   0.940000   65.000000   nan   nan   nan   nan   nan   nan   nan   nan   nan   nan   nan   nan   nan   nan   nan   nan   nan
532   0.980000   65.000000   nan   nan   nan   nan   nan   nan   nan   nan   nan   nan   nan   nan   nan   nan   nan   nan   nan
553   1.020000   65.000000   nan   nan   nan   nan   nan   nan   nan   nan   nan   nan   nan   nan   nan   nan   nan   nan   nan
574   1.060000   65.000000   nan   nan   nan   nan   nan   nan   nan   nan   nan   nan   nan   nan   nan   nan   nan   nan   nan
595   1.100000   65.000000   nan   nan   nan   nan   nan   nan   nan   nan   nan   nan   nan   nan   nan   nan   nan   nan   nan
616   1.140000   65.000000   nan   nan   nan   nan   nan   nan   nan   nan   nan   nan   nan   nan   nan   nan   nan   nan   nan
637   1.180000   65.000000   nan   nan   nan   nan   nan   nan   nan   nan   nan   nan   nan   nan   nan   nan   nan   nan   nan
29   0.020000   75.000000   -1.023e+01   -2.959e+01   2.310e-01   -2.877e+00   -1.114e+01   -3.603e+01   -4.300e+00   -8.484e-02   -1.023e+01   -2.959e+01   4.980e-01   -2.877e+00   -1.114e+01   -0.000e+00   -0.000e+00   -8.993e-01   3.337e+01
50   0.060000   75.000000   -1.224e-03   -2.691e+01   1.535e+00   -7.294e+00   -1.035e+01   -3.257e+01   -1.271e+01   1.609e-01   -1.224e-03   -2.691e+01   3.320e+00   -7.294e+00   -1.035e+01   -0.000e+00   -0.000e+00   1.706e+00   2.998e+01
71   0.100000   75.000000   1.217e+00   -2.255e+01   1.459e+00   -6.532e+00   -8.508e+00   -2.744e+01   -1.046e+01   1.503e-01   1.217e+00   -2.255e+01   3.156e+00   -6.532e+00   -8.508e+00   -0.000e+00   -0.000e+00   1.593e+00   2.525e+01
92   0.140000   75.000000   -5.384e-01   -2.039e+01   1.100e+00   -4.898e+00   -7.752e+00   -2.485e+01   -6.148e+00   8.043e-02   -5.384e-01   -2.039e+01   2.387e+00   -4.898e+00   -7.752e+00   -0.000e+00   -0.000e+00   8.526e-01   2.251e+01
113   0.180000   75.000000   -2.032e+00   -1.878e+01   8.055e-01   -3.557e+00   -7.105e+00   -2.296e+01   -2.829e+00   2.554e-02   -2.032e+00   -1.878e+01   1.755e+00   -3.557e+00   -7.105e+00   -0.000e+00   -0.000e+00   2.707e-01   2.057e+01
134   0.220000   75.000000   -3.244e+00   -1.741e+01   5.748e-01   -2.506e+00   -6.578e+00   -2.132e+01   -2.028e-01   -1.853e-02   -3.244e+00   -1.741e+01   1.256e+00   -2.506e+00   -6.578e+00   -0.000e+00   -0.000e+00   -1.964e-01   1.910e+01
155   0.260000   75.000000   -4.038e+00   -1.530e+01   4.069e-01   -1.694e+00   -5.781e+00   -1.876e+01   1.729e+00   -4.915e-02   -4.038e+00   -1.530e+01   8.907e-01   -1.694e+00   -5.781e+00   -0.000e+00   0.000e+00   -5.210e-01   1.696e+01
176   0.300000   75.000000   -4.256e+00   -1.295e+01   3.019e-01   -1.160e+00   -4.856e+00   -1.597e+01   2.723e+00   -6.203e-02   -4.256e+00   -1.295e+01   6.651e-01   -1.160e+00   -4.856e+00   -0.000e+00   0.000e+00   -6.575e-01   1.455e+01
197   0.340000   75.000000   -4.197e+00   -1.061e+01   2.427e-01   -8.474e-01   -3.974e+00   -1.308e+01   3.136e+00   -6.514e-02   -4.197e+00   -1.061e+01   5.386e-01   -8.474e-01   -3.974e+00   -0.000e+00   0.000e+00   -6.905e-01   1.214e+01
218   0.380000   75.000000   -4.163e+00   -8.543e+00   1.838e-01   -5.741e-01   -3.171e+00   -1.059e+01   3.494e+00   -6.814e-02   -4.163e+00   -8.543e+00   4.115e-01   -5.741e-01   -3.171e+00   -0.000e+00   0.000e+00   -7.223e-01   1.007e+01
239   0.420000   75.000000   -4.040e+00   -7.202e+00   1.616e-01   -4.665e-01   -2.649e+00   -8.967e+00   3.543e+00   -6.708e-02   -4.040e+00   -7.202e+00   3.655e-01   -4.665e-01   -2.649e+00   -0.000e+00   0.000e+00   -7.110e-01   8.722e+00
260   0.460000   75.000000   -4.042e+00   -6.457e+00   1.463e-01   -3.960e-01   -2.382e+00   -8.056e+00   3.654e+00   -6.830e-02   -4.042e+00   -6.457e+00   3.341e-01   -3.960e-01   -2.382e+00   -0.000e+00   0.000e+00   -7.240e-01   8.031e+00
281   0.500000   75.000000   -4.019e+00   -6.033e+00   1.435e-01   -3.749e-01   -2.217e+00   -7.569e+00   3.677e+00   -6.801e-02   -4.019e+00   -6.033e+00   3.315e-01   -3.749e-01   -2.217e+00   -0.000e+00   0.000e+00   -7.209e-01   7.632e+00
302   0.540000   75.000000   -4.039e+00   -5.947e+00   1.493e-01   -3.873e-01   -2.190e+00   -7.489e+00   3.698e+00   -6.906e-02   -4.039e+00   -5.947e+00   3.488e-01   -3.873e-01   -2.190e+00   -0.000e+00   0.000e+00   -7.320e-01   7.569e+00
323   0.580000   75.000000   -3.978e+00   -5.953e+00   1.746e-01   -4.675e-01   -2.236e+00   -7.494e+00   3.556e+00   -6.652e-02   -3.978e+00   -5.953e+00   4.135e-01   -4.675e-01   -2.236e+00   -0.000e+00   0.000e+00   -7.051e-01   7.560e+00
344   0.620000   75.000000   -3.925e+00   -6.039e+00   1.970e-01   -5.405e-01   -2.268e+00   -7.655e+00   3.430e+00   -6.448e-02   -3.925e+00   -6.039e+00   4.726e-01   -5.405e-01   -2.268e+00   -0.000e+00   0.000e+00   -6.835e-01   7.616e+00
365   0.660000   75.000000   -3.815e+00   -6.194e+00   2.299e-01   -6.537e-01   -2.349e+00   -7.901e+00   3.199e+00   -6.111e-02   -3.815e+00   -6.194e+00   5.610e-01   -6.537e-01   -2.349e+00   -0.000e+00   0.000e+00   -6.478e-01   7.720e+00
386   0.700000   75.000000   -3.681e+00   -6.360e+00   2.751e-01   -8.325e-01   -2.441e+00   -8.125e+00   2.871e+00   -5.610e-02   -3.681e+00   -6.360e+00   6.784e-01   -8.325e-01   -2.441e+00   -0.000e+00   0.000e+00   -5.947e-01   7.840e+00
407   0.740000   75.000000   -3.728e+00   -6.600e+00   2.927e-01   -8.686e-01   -2.593e+00   -8.468e+00   2.885e+00   -5.678e-02   -3.728e+00   -6.600e+00   7.356e-01   -8.686e-01   -2.593e+00   -0.000e+00   0.000e+00   -6.019e-01   8.114e+00
428   0.780000   75.000000   nan   nan   nan   nan   nan   nan   nan   nan   nan   nan   nan   nan   nan   nan   nan   nan   nan
449   0.820000   75.000000   nan   nan   nan   nan   nan   nan   nan   nan   nan   nan   nan   nan   nan   nan   nan   nan   nan
470   0.860000   75.000000   nan   nan   nan   nan   nan   nan   nan   nan   nan   nan   nan   nan   nan   nan   nan   nan   nan
491   0.900000   75.000000   nan   nan   nan   nan   nan   nan   nan   nan   nan   nan   nan   nan   nan   nan   nan   nan   nan
512   0.940000   75.000000   nan   nan   nan   nan   nan   nan   nan   nan   nan   nan   nan   nan   nan   nan   nan   nan   nan
533   0.980000   75.000000   nan   nan   nan   nan   nan   nan   nan   nan   nan   nan   nan   nan   nan   nan   nan   nan   nan
554   1.020000   75.000000   nan   nan   nan   nan   nan   nan   nan   nan   nan   nan   nan   nan   nan   nan   nan   nan   nan
575   1.060000   75.000000   nan   nan   nan   nan   nan   nan   nan   nan   nan   nan   nan   nan   nan   nan   nan   nan   nan
596   1.100000   75.000000   nan   nan   nan   nan   nan   nan   nan   nan   nan   nan   nan   nan   nan   nan   nan   nan   nan
617   1.140000   75.000000   nan   nan   nan   nan   nan   nan   nan   nan   nan   nan   nan   nan   nan   nan   nan   nan   nan
638   1.180000   75.000000   nan   nan   nan   nan   nan   nan   nan   nan   nan   nan   nan   nan   nan   nan   nan   nan   nan
30   0.020000   85.000000   6.486e+00   -2.362e+01   2.119e+00   -8.554e+00   -8.365e+00   -2.944e+01   -2.200e+01   3.508e-01   6.486e+00   -2.362e+01   4.613e+00   -8.554e+00   -8.365e+00   -0.000e+00   -0.000e+00   3.718e+00   2.790e+01
51   0.060000   85.000000   1.060e+01   -2.350e+01   2.445e+00   -9.448e+00   -8.806e+00   -2.879e+01   -2.171e+01   4.032e-01   1.060e+01   -2.350e+01   5.330e+00   -9.448e+00   -8.806e+00   -0.000e+00   -0.000e+00   4.274e+00   2.963e+01
72   0.100000   85.000000   8.348e+00   -2.076e+01   2.013e+00   -7.580e+00   -7.764e+00   -2.549e+01   -1.661e+01   3.114e-01   8.348e+00   -2.076e+01   4.412e+00   -7.580e+00   -7.764e+00   -0.000e+00   -0.000e+00   3.301e+00   2.547e+01
93   0.140000   85.000000   6.692e+00   -1.752e+01   1.736e+00   -6.446e+00   -6.595e+00   -2.158e+01   -1.328e+01   2.537e-01   6.692e+00   -1.752e+01   3.830e+00   -6.446e+00   -6.595e+00   -0.000e+00   -0.000e+00   2.689e+00   2.142e+01
114   0.180000   85.000000   4.868e+00   -1.571e+01   1.453e+00   -5.295e+00   -5.890e+00   -1.942e+01   -1.040e+01   1.968e-01   4.868e+00   -1.571e+01   3.227e+00   -5.295e+00   -5.890e+00   -0.000e+00   -0.000e+00   2.086e+00   1.866e+01
135   0.220000   85.000000   3.148e+00   -1.447e+01   1.209e+00   -4.364e+00   -5.445e+00   -1.794e+01   -7.855e+00   1.463e-01   3.148e+00   -1.447e+01   2.706e+00   -4.364e+00   -5.445e+00   -0.000e+00   -0.000e+00   1.551e+00   1.667e+01
156   0.260000   85.000000   1.592e+00   -1.289e+01   9.736e-01   -3.387e+00   -4.877e+00   -1.599e+01   -5.210e+00   9.897e-02   1.592e+00   -1.289e+01   2.196e+00   -3.387e+00   -4.877e+00   -0.000e+00   -0.000e+00   1.049e+00   1.448e+01
177   0.300000   85.000000   -1.039e-01   -1.126e+01   7.239e-01   -2.451e+00   -4.252e+00   -1.402e+01   -2.617e+00   4.941e-02   -1.039e-01   -1.126e+01   1.645e+00   -2.451e+00   -4.252e+00   -0.000e+00   -0.000e+00   5.237e-01   1.240e+01
198   0.340000   85.000000   -1.167e+00   -9.454e+00   5.518e-01   -1.820e+00   -3.566e+00   -1.178e+01   -8.669e-01   1.695e-02   -1.167e+00   -9.454e+00   1.265e+00   -1.820e+00   -3.566e+00   -0.000e+00   -0.000e+00   1.797e-01   1.041e+01
219   0.380000   85.000000   -1.970e+00   -7.706e+00   4.096e-01   -1.298e+00   -2.899e+00   -9.643e+00   5.490e-01   -7.534e-03   -1.970e+00   -7.706e+00   9.466e-01   -1.298e+00   -2.899e+00   -0.000e+00   0.000e+00   -7.986e-02   8.617e+00
240   0.420000   85.000000   -2.357e+00   -6.452e+00   3.325e-01   -1.029e+00   -2.409e+00   -8.119e+00   1.250e+00   -2.008e-02   -2.357e+00   -6.452e+00   7.767e-01   -1.029e+00   -2.409e+00   -0.000e+00   0.000e+00   -2.128e-01   7.395e+00
261   0.460000   85.000000   -2.550e+00   -5.804e+00   2.939e-01   -8.944e-01   -2.154e+00   -7.328e+00   1.600e+00   -2.645e-02   -2.550e+00   -5.804e+00   6.945e-01   -8.944e-01   -2.154e+00   -0.000e+00   0.000e+00   -2.804e-01   6.797e+00
282   0.500000   85.000000   nan   nan   nan   nan   nan   nan   nan   nan   nan   nan   nan   nan   nan   nan   nan   nan   nan
303   0.540000   85.000000   nan   nan   nan   nan   nan   nan   nan   nan   nan   nan   nan   nan   nan   nan   nan   nan   nan
324   0.580000   85.000000   nan   nan   nan   nan   nan   nan   nan   nan   nan   nan   nan   nan   nan   nan   nan   nan   nan
345   0.620000   85.000000   nan   nan   nan   nan   nan   nan   nan   nan   nan   nan   nan   nan   nan   nan   nan   nan   nan
366   0.660000   85.000000   nan   nan   nan   nan   nan   nan   nan   nan   nan   nan   nan   nan   nan   nan   nan   nan   nan
387   0.700000   85.000000   nan   nan   nan   nan   nan   nan   nan   nan   nan   nan   nan   nan   nan   nan   nan   nan   nan
408   0.740000   85.000000   nan   nan   nan   nan   nan   nan   nan   nan   nan   nan   nan   nan   nan   nan   nan   nan   nan
429   0.780000   85.000000   nan   nan   nan   nan   nan   nan   nan   nan   nan   nan   nan   nan   nan   nan   nan   nan   nan
450   0.820000   85.000000   nan   nan   nan   nan   nan   nan   nan   nan   nan   nan   nan   nan   nan   nan   nan   nan   nan
471   0.860000   85.000000   nan   nan   nan   nan   nan   nan   nan   nan   nan   nan   nan   nan   nan   nan   nan   nan   nan
492   0.900000   85.000000   nan   nan   nan   nan   nan   nan   nan   nan   nan   nan   nan   nan   nan   nan   nan   nan   nan
513   0.940000   85.000000   nan   nan   nan   nan   nan   nan   nan   nan   nan   nan   nan   nan   nan   nan   nan   nan   nan
534   0.980000   85.000000   nan   nan   nan   nan   nan   nan   nan   nan   nan   nan   nan   nan   nan   nan   nan   nan   nan
555   1.020000   85.000000   nan   nan   nan   nan   nan   nan   nan   nan   nan   nan   nan   nan   nan   nan   nan   nan   nan
576   1.060000   85.000000   nan   nan   nan   nan   nan   nan   nan   nan   nan   nan   nan   nan   nan   nan   nan   nan   nan
597   1.100000   85.000000   nan   nan   nan   nan   nan   nan   nan   nan   nan   nan   nan   nan   nan   nan   nan   nan   nan
618   1.140000   85.000000   nan   nan   nan   nan   nan   nan   nan   nan   nan   nan   nan   nan   nan   nan   nan   nan   nan
639   1.180000   85.000000   nan   nan   nan   nan   nan   nan   nan   nan   nan   nan   nan   nan   nan   nan   nan   nan   nan
31   0.020000   95.000000   1.053e+01   -2.609e+01   2.287e+00   -8.193e+00   -9.620e+00   -3.203e+01   -2.368e+01   4.268e-01   1.053e+01   -2.609e+01   4.990e+00   -8.193e+00   -9.620e+00   -0.000e+00   -0.000e+00   4.524e+00   3.157e+01
52   0.060000   95.000000   1.706e+01   -2.274e+01   2.793e+00   -9.597e+00   -8.422e+00   -2.802e+01   -2.545e+01   5.272e-01   1.706e+01   -2.274e+01   6.131e+00   -9.597e+00   -8.422e+00   -0.000e+00   -0.000e+00   5.588e+00   3.225e+01
73   0.100000   95.000000   1.565e+01   -1.777e+01   2.496e+00   -8.457e+00   -6.560e+00   -2.207e+01   -2.172e+01   4.594e-01   1.565e+01   -1.777e+01   5.531e+00   -8.457e+00   -6.560e+00   -0.000e+00   -0.000e+00   4.870e+00   2.701e+01
94   0.140000   95.000000   1.216e+01   -1.498e+01   2.099e+00   -7.139e+00   -5.577e+00   -1.864e+01   -1.753e+01   3.692e-01   1.216e+01   -1.498e+01   4.700e+00   -7.139e+00   -5.577e+00   -0.000e+00   -0.000e+00   3.914e+00   2.217e+01
115   0.180000   95.000000   9.809e+00   -1.252e+01   1.820e+00   -6.194e+00   -4.647e+00   -1.569e+01   -1.476e+01   3.069e-01   9.809e+00   -1.252e+01   4.113e+00   -6.194e+00   -4.647e+00   -0.000e+00   -0.000e+00   3.253e+00   1.845e+01
136   0.220000   95.000000   7.214e+00   -1.184e+01   1.525e+00   -5.173e+00   -4.422e+00   -1.486e+01   -1.176e+01   2.404e-01   7.214e+00   -1.184e+01   3.474e+00   -5.173e+00   -4.422e+00   -0.000e+00   -0.000e+00   2.548e+00   1.604e+01
157   0.260000   95.000000   5.844e+00   -1.018e+01   1.370e+00   -4.652e+00   -3.799e+00   -1.278e+01   -9.992e+00   2.051e-01   5.844e+00   -1.018e+01   3.141e+00   -4.652e+00   -3.799e+00   -0.000e+00   -0.000e+00   2.174e+00   1.372e+01
178   0.300000   95.000000   4.388e+00   -8.428e+00   1.175e+00   -3.992e+00   -3.156e+00   -1.062e+01   -7.895e+00   1.639e-01   4.388e+00   -8.428e+00   2.720e+00   -3.992e+00   -3.156e+00   -0.000e+00   -0.000e+00   1.736e+00   1.125e+01
199   0.340000   95.000000   nan   nan   nan   nan   nan   nan   nan   nan   nan   nan   nan   nan   nan   nan   nan   nan   nan
220   0.380000   95.000000   nan   nan   nan   nan   nan   nan   nan   nan   nan   nan   nan   nan   nan   nan   nan   nan   nan
241   0.420000   95.000000   nan   nan   nan   nan   nan   nan   nan   nan   nan   nan   nan   nan   nan   nan   nan   nan   nan
262   0.460000   95.000000   nan   nan   nan   nan   nan   nan   nan   nan   nan   nan   nan   nan   nan   nan   nan   nan   nan
283   0.500000   95.000000   nan   nan   nan   nan   nan   nan   nan   nan   nan   nan   nan   nan   nan   nan   nan   nan   nan
304   0.540000   95.000000   nan   nan   nan   nan   nan   nan   nan   nan   nan   nan   nan   nan   nan   nan   nan   nan   nan
325   0.580000   95.000000   nan   nan   nan   nan   nan   nan   nan   nan   nan   nan   nan   nan   nan   nan   nan   nan   nan
346   0.620000   95.000000   nan   nan   nan   nan   nan   nan   nan   nan   nan   nan   nan   nan   nan   nan   nan   nan   nan
367   0.660000   95.000000   nan   nan   nan   nan   nan   nan   nan   nan   nan   nan   nan   nan   nan   nan   nan   nan   nan
388   0.700000   95.000000   nan   nan   nan   nan   nan   nan   nan   nan   nan   nan   nan   nan   nan   nan   nan   nan   nan
409   0.740000   95.000000   nan   nan   nan   nan   nan   nan   nan   nan   nan   nan   nan   nan   nan   nan   nan   nan   nan
430   0.780000   95.000000   nan   nan   nan   nan   nan   nan   nan   nan   nan   nan   nan   nan   nan   nan   nan   nan   nan
451   0.820000   95.000000   nan   nan   nan   nan   nan   nan   nan   nan   nan   nan   nan   nan   nan   nan   nan   nan   nan
472   0.860000   95.000000   nan   nan   nan   nan   nan   nan   nan   nan   nan   nan   nan   nan   nan   nan   nan   nan   nan
493   0.900000   95.000000   nan   nan   nan   nan   nan   nan   nan   nan   nan   nan   nan   nan   nan   nan   nan   nan   nan
514   0.940000   95.000000   nan   nan   nan   nan   nan   nan   nan   nan   nan   nan   nan   nan   nan   nan   nan   nan   nan
535   0.980000   95.000000   nan   nan   nan   nan   nan   nan   nan   nan   nan   nan   nan   nan   nan   nan   nan   nan   nan
556   1.020000   95.000000   nan   nan   nan   nan   nan   nan   nan   nan   nan   nan   nan   nan   nan   nan   nan   nan   nan
577   1.060000   95.000000   nan   nan   nan   nan   nan   nan   nan   nan   nan   nan   nan   nan   nan   nan   nan   nan   nan
598   1.100000   95.000000   nan   nan   nan   nan   nan   nan   nan   nan   nan   nan   nan   nan   nan   nan   nan   nan   nan
619   1.140000   95.000000   nan   nan   nan   nan   nan   nan   nan   nan   nan   nan   nan   nan   nan   nan   nan   nan   nan
640   1.180000   95.000000   nan   nan   nan   nan   nan   nan   nan   nan   nan   nan   nan   nan   nan   nan   nan   nan   nan
32   0.020000   105.000000   1.705e+01   -2.303e+01   2.610e+00   -8.411e+00   -8.136e+00   -2.879e+01   -2.743e+01   5.429e-01   1.705e+01   -2.303e+01   5.713e+00   -8.411e+00   -8.136e+00   -0.000e+00   -0.000e+00   5.755e+00   3.200e+01
53   0.060000   105.000000   2.600e+01   -1.831e+01   3.290e+00   -1.038e+01   -6.549e+00   -2.300e+01   -3.001e+01   6.872e-01   2.600e+01   -1.831e+01   7.297e+00   -1.038e+01   -6.549e+00   -0.000e+00   -0.000e+00   7.284e+00   3.561e+01
74   0.100000   105.000000   2.098e+01   -1.513e+01   2.722e+00   -8.629e+00   -5.511e+00   -1.901e+01   -2.461e+01   5.533e-01   2.098e+01   -1.513e+01   6.119e+00   -8.629e+00   -5.511e+00   -0.000e+00   -0.000e+00   5.865e+00   2.908e+01
95   0.140000   105.000000   1.770e+01   -1.062e+01   2.495e+00   -8.096e+00   -3.827e+00   -1.346e+01   -2.185e+01   4.890e-01   1.770e+01   -1.062e+01   5.649e+00   -8.096e+00   -3.827e+00   -0.000e+00   -0.000e+00   5.183e+00   2.377e+01
116   0.180000   105.000000   1.210e+01   -1.364e+01   1.905e+00   -6.142e+00   -5.141e+00   -1.709e+01   -1.638e+01   3.538e-01   1.210e+01   -1.364e+01   4.355e+00   -6.142e+00   -5.141e+00   -0.000e+00   -0.000e+00   3.750e+00   2.073e+01
137   0.220000   105.000000   nan   nan   nan   nan   nan   nan   nan   nan   nan   nan   nan   nan   nan   nan   nan   nan   nan
158   0.260000   105.000000   nan   nan   nan   nan   nan   nan   nan   nan   nan   nan   nan   nan   nan   nan   nan   nan   nan
179   0.300000   105.000000   nan   nan   nan   nan   nan   nan   nan   nan   nan   nan   nan   nan   nan   nan   nan   nan   nan
200   0.340000   105.000000   nan   nan   nan   nan   nan   nan   nan   nan   nan   nan   nan   nan   nan   nan   nan   nan   nan
221   0.380000   105.000000   nan   nan   nan   nan   nan   nan   nan   nan   nan   nan   nan   nan   nan   nan   nan   nan   nan
242   0.420000   105.000000   nan   nan   nan   nan   nan   nan   nan   nan   nan   nan   nan   nan   nan   nan   nan   nan   nan
263   0.460000   105.000000   nan   nan   nan   nan   nan   nan   nan   nan   nan   nan   nan   nan   nan   nan   nan   nan   nan
284   0.500000   105.000000   nan   nan   nan   nan   nan   nan   nan   nan   nan   nan   nan   nan   nan   nan   nan   nan   nan
305   0.540000   105.000000   nan   nan   nan   nan   nan   nan   nan   nan   nan   nan   nan   nan   nan   nan   nan   nan   nan
326   0.580000   105.000000   nan   nan   nan   nan   nan   nan   nan   nan   nan   nan   nan   nan   nan   nan   nan   nan   nan
347   0.620000   105.000000   nan   nan   nan   nan   nan   nan   nan   nan   nan   nan   nan   nan   nan   nan   nan   nan   nan
368   0.660000   105.000000   nan   nan   nan   nan   nan   nan   nan   nan   nan   nan   nan   nan   nan   nan   nan   nan   nan
389   0.700000   105.000000   nan   nan   nan   nan   nan   nan   nan   nan   nan   nan   nan   nan   nan   nan   nan   nan   nan
410   0.740000   105.000000   nan   nan   nan   nan   nan   nan   nan   nan   nan   nan   nan   nan   nan   nan   nan   nan   nan
431   0.780000   105.000000   nan   nan   nan   nan   nan   nan   nan   nan   nan   nan   nan   nan   nan   nan   nan   nan   nan
452   0.820000   105.000000   nan   nan   nan   nan   nan   nan   nan   nan   nan   nan   nan   nan   nan   nan   nan   nan   nan
473   0.860000   105.000000   nan   nan   nan   nan   nan   nan   nan   nan   nan   nan   nan   nan   nan   nan   nan   nan   nan
494   0.900000   105.000000   nan   nan   nan   nan   nan   nan   nan   nan   nan   nan   nan   nan   nan   nan   nan   nan   nan
515   0.940000   105.000000   nan   nan   nan   nan   nan   nan   nan   nan   nan   nan   nan   nan   nan   nan   nan   nan   nan
536   0.980000   105.000000   nan   nan   nan   nan   nan   nan   nan   nan   nan   nan   nan   nan   nan   nan   nan   nan   nan
557   1.020000   105.000000   nan   nan   nan   nan   nan   nan   nan   nan   nan   nan   nan   nan   nan   nan   nan   nan   nan
578   1.060000   105.000000   nan   nan   nan   nan   nan   nan   nan   nan   nan   nan   nan   nan   nan   nan   nan   nan   nan
599   1.100000   105.000000   nan   nan   nan   nan   nan   nan   nan   nan   nan   nan   nan   nan   nan   nan   nan   nan   nan
620   1.140000   105.000000   nan   nan   nan   nan   nan   nan   nan   nan   nan   nan   nan   nan   nan   nan   nan   nan   nan
641   1.180000   105.000000   nan   nan   nan   nan   nan   nan   nan   nan   nan   nan   nan   nan   nan   nan   nan   nan   nan
33   0.020000   115.000000   1.660e+01   -2.310e+01   2.432e+00   -6.996e+00   -8.199e+00   -2.877e+01   -2.669e+01   5.400e-01   1.660e+01   -2.310e+01   5.263e+00   -6.996e+00   -8.199e+00   -0.000e+00   -0.000e+00   5.724e+00   3.140e+01
54   0.060000   115.000000   3.223e+01   -1.435e+01   3.537e+00   -1.048e+01   -4.908e+00   -1.838e+01   -3.249e+01   7.846e-01   3.223e+01   -1.435e+01   7.888e+00   -1.048e+01   -4.908e+00   -0.000e+00   -0.000e+00   8.317e+00   3.886e+01
75   0.100000   115.000000   2.625e+01   -1.429e+01   2.970e+00   -8.858e+00   -5.193e+00   -1.812e+01   -2.742e+01   6.477e-01   2.625e+01   -1.429e+01   6.712e+00   -8.858e+00   -5.193e+00   -0.000e+00   -0.000e+00   6.866e+00   3.303e+01
96   0.140000   115.000000   nan   nan   nan   nan   nan   nan   nan   nan   nan   nan   nan   nan   nan   nan   nan   nan   nan
117   0.180000   115.000000   nan   nan   nan   nan   nan   nan   nan   nan   nan   nan   nan   nan   nan   nan   nan   nan   nan
138   0.220000   115.000000   nan   nan   nan   nan   nan   nan   nan   nan   nan   nan   nan   nan   nan   nan   nan   nan   nan
159   0.260000   115.000000   nan   nan   nan   nan   nan   nan   nan   nan   nan   nan   nan   nan   nan   nan   nan   nan   nan
180   0.300000   115.000000   nan   nan   nan   nan   nan   nan   nan   nan   nan   nan   nan   nan   nan   nan   nan   nan   nan
201   0.340000   115.000000   nan   nan   nan   nan   nan   nan   nan   nan   nan   nan   nan   nan   nan   nan   nan   nan   nan
222   0.380000   115.000000   nan   nan   nan   nan   nan   nan   nan   nan   nan   nan   nan   nan   nan   nan   nan   nan   nan
243   0.420000   115.000000   nan   nan   nan   nan   nan   nan   nan   nan   nan   nan   nan   nan   nan   nan   nan   nan   nan
264   0.460000   115.000000   nan   nan   nan   nan   nan   nan   nan   nan   nan   nan   nan   nan   nan   nan   nan   nan   nan
285   0.500000   115.000000   nan   nan   nan   nan   nan   nan   nan   nan   nan   nan   nan   nan   nan   nan   nan   nan   nan
306   0.540000   115.000000   nan   nan   nan   nan   nan   nan   nan   nan   nan   nan   nan   nan   nan   nan   nan   nan   nan
327   0.580000   115.000000   nan   nan   nan   nan   nan   nan   nan   nan   nan   nan   nan   nan   nan   nan   nan   nan   nan
348   0.620000   115.000000   nan   nan   nan   nan   nan   nan   nan   nan   nan   nan   nan   nan   nan   nan   nan   nan   nan
369   0.660000   115.000000   nan   nan   nan   nan   nan   nan   nan   nan   nan   nan   nan   nan   nan   nan   nan   nan   nan
390   0.700000   115.000000   nan   nan   nan   nan   nan   nan   nan   nan   nan   nan   nan   nan   nan   nan   nan   nan   nan
411   0.740000   115.000000   nan   nan   nan   nan   nan   nan   nan   nan   nan   nan   nan   nan   nan   nan   nan   nan   nan
432   0.780000   115.000000   nan   nan   nan   nan   nan   nan   nan   nan   nan   nan   nan   nan   nan   nan   nan   nan   nan
453   0.820000   115.000000   nan   nan   nan   nan   nan   nan   nan   nan   nan   nan   nan   nan   nan   nan   nan   nan   nan
474   0.860000   115.000000   nan   nan   nan   nan   nan   nan   nan   nan   nan   nan   nan   nan   nan   nan   nan   nan   nan
495   0.900000   115.000000   nan   nan   nan   nan   nan   nan   nan   nan   nan   nan   nan   nan   nan   nan   nan   nan   nan
516   0.940000   115.000000   nan   nan   nan   nan   nan   nan   nan   nan   nan   nan   nan   nan   nan   nan   nan   nan   nan
537   0.980000   115.000000   nan   nan   nan   nan   nan   nan   nan   nan   nan   nan   nan   nan   nan   nan   nan   nan   nan
558   1.020000   115.000000   nan   nan   nan   nan   nan   nan   nan   nan   nan   nan   nan   nan   nan   nan   nan   nan   nan
579   1.060000   115.000000   nan   nan   nan   nan   nan   nan   nan   nan   nan   nan   nan   nan   nan   nan   nan   nan   nan
600   1.100000   115.000000   nan   nan   nan   nan   nan   nan   nan   nan   nan   nan   nan   nan   nan   nan   nan   nan   nan
621   1.140000   115.000000   nan   nan   nan   nan   nan   nan   nan   nan   nan   nan   nan   nan   nan   nan   nan   nan   nan
642   1.180000   115.000000   nan   nan   nan   nan   nan   nan   nan   nan   nan   nan   nan   nan   nan   nan   nan   nan   nan
34   0.020000   125.000000   nan   nan   nan   nan   nan   nan   nan   nan   nan   nan   nan   nan   nan   nan   nan   nan   nan
55   0.060000   125.000000   3.720e+01   -3.391e+00   3.671e+00   -1.019e+01   -6.446e-01   -5.063e+00   -3.366e+01   8.476e-01   3.720e+01   -3.391e+00   8.172e+00   -1.019e+01   -6.446e-01   -0.000e+00   -0.000e+00   8.985e+00   4.058e+01
76   0.100000   125.000000   nan   nan   nan   nan   nan   nan   nan   nan   nan   nan   nan   nan   nan   nan   nan   nan   nan
97   0.140000   125.000000   nan   nan   nan   nan   nan   nan   nan   nan   nan   nan   nan   nan   nan   nan   nan   nan   nan
118   0.180000   125.000000   nan   nan   nan   nan   nan   nan   nan   nan   nan   nan   nan   nan   nan   nan   nan   nan   nan
139   0.220000   125.000000   nan   nan   nan   nan   nan   nan   nan   nan   nan   nan   nan   nan   nan   nan   nan   nan   nan
160   0.260000   125.000000   nan   nan   nan   nan   nan   nan   nan   nan   nan   nan   nan   nan   nan   nan   nan   nan   nan
181   0.300000   125.000000   nan   nan   nan   nan   nan   nan   nan   nan   nan   nan   nan   nan   nan   nan   nan   nan   nan
202   0.340000   125.000000   nan   nan   nan   nan   nan   nan   nan   nan   nan   nan   nan   nan   nan   nan   nan   nan   nan
223   0.380000   125.000000   nan   nan   nan   nan   nan   nan   nan   nan   nan   nan   nan   nan   nan   nan   nan   nan   nan
244   0.420000   125.000000   nan   nan   nan   nan   nan   nan   nan   nan   nan   nan   nan   nan   nan   nan   nan   nan   nan
265   0.460000   125.000000   nan   nan   nan   nan   nan   nan   nan   nan   nan   nan   nan   nan   nan   nan   nan   nan   nan
286   0.500000   125.000000   nan   nan   nan   nan   nan   nan   nan   nan   nan   nan   nan   nan   nan   nan   nan   nan   nan
307   0.540000   125.000000   nan   nan   nan   nan   nan   nan   nan   nan   nan   nan   nan   nan   nan   nan   nan   nan   nan
328   0.580000   125.000000   nan   nan   nan   nan   nan   nan   nan   nan   nan   nan   nan   nan   nan   nan   nan   nan   nan
349   0.620000   125.000000   nan   nan   nan   nan   nan   nan   nan   nan   nan   nan   nan   nan   nan   nan   nan   nan   nan
370   0.660000   125.000000   nan   nan   nan   nan   nan   nan   nan   nan   nan   nan   nan   nan   nan   nan   nan   nan   nan
391   0.700000   125.000000   nan   nan   nan   nan   nan   nan   nan   nan   nan   nan   nan   nan   nan   nan   nan   nan   nan
412   0.740000   125.000000   nan   nan   nan   nan   nan   nan   nan   nan   nan   nan   nan   nan   nan   nan   nan   nan   nan
433   0.780000   125.000000   nan   nan   nan   nan   nan   nan   nan   nan   nan   nan   nan   nan   nan   nan   nan   nan   nan
454   0.820000   125.000000   nan   nan   nan   nan   nan   nan   nan   nan   nan   nan   nan   nan   nan   nan   nan   nan   nan
475   0.860000   125.000000   nan   nan   nan   nan   nan   nan   nan   nan   nan   nan   nan   nan   nan   nan   nan   nan   nan
496   0.900000   125.000000   nan   nan   nan   nan   nan   nan   nan   nan   nan   nan   nan   nan   nan   nan   nan   nan   nan
517   0.940000   125.000000   nan   nan   nan   nan   nan   nan   nan   nan   nan   nan   nan   nan   nan   nan   nan   nan   nan
538   0.980000   125.000000   nan   nan   nan   nan   nan   nan   nan   nan   nan   nan   nan   nan   nan   nan   nan   nan   nan
559   1.020000   125.000000   nan   nan   nan   nan   nan   nan   nan   nan   nan   nan   nan   nan   nan   nan   nan   nan   nan
580   1.060000   125.000000   nan   nan   nan   nan   nan   nan   nan   nan   nan   nan   nan   nan   nan   nan   nan   nan   nan
601   1.100000   125.000000   nan   nan   nan   nan   nan   nan   nan   nan   nan   nan   nan   nan   nan   nan   nan   nan   nan
622   1.140000   125.000000   nan   nan   nan   nan   nan   nan   nan   nan   nan   nan   nan   nan   nan   nan   nan   nan   nan
643   1.180000   125.000000   nan   nan   nan   nan   nan   nan   nan   nan   nan   nan   nan   nan   nan   nan   nan   nan   nan
35   0.020000   135.000000   nan   nan   nan   nan   nan   nan   nan   nan   nan   nan   nan   nan   nan   nan   nan   nan   nan
56   0.060000   135.000000   nan   nan   nan   nan   nan   nan   nan   nan   nan   nan   nan   nan   nan   nan   nan   nan   nan
77   0.100000   135.000000   nan   nan   nan   nan   nan   nan   nan   nan   nan   nan   nan   nan   nan   nan   nan   nan   nan
98   0.140000   135.000000   nan   nan   nan   nan   nan   nan   nan   nan   nan   nan   nan   nan   nan   nan   nan   nan   nan
119   0.180000   135.000000   nan   nan   nan   nan   nan   nan   nan   nan   nan   nan   nan   nan   nan   nan   nan   nan   nan
140   0.220000   135.000000   nan   nan   nan   nan   nan   nan   nan   nan   nan   nan   nan   nan   nan   nan   nan   nan   nan
161   0.260000   135.000000   nan   nan   nan   nan   nan   nan   nan   nan   nan   nan   nan   nan   nan   nan   nan   nan   nan
182   0.300000   135.000000   nan   nan   nan   nan   nan   nan   nan   nan   nan   nan   nan   nan   nan   nan   nan   nan   nan
203   0.340000   135.000000   nan   nan   nan   nan   nan   nan   nan   nan   nan   nan   nan   nan   nan   nan   nan   nan   nan
224   0.380000   135.000000   nan   nan   nan   nan   nan   nan   nan   nan   nan   nan   nan   nan   nan   nan   nan   nan   nan
245   0.420000   135.000000   nan   nan   nan   nan   nan   nan   nan   nan   nan   nan   nan   nan   nan   nan   nan   nan   nan
266   0.460000   135.000000   nan   nan   nan   nan   nan   nan   nan   nan   nan   nan   nan   nan   nan   nan   nan   nan   nan
287   0.500000   135.000000   nan   nan   nan   nan   nan   nan   nan   nan   nan   nan   nan   nan   nan   nan   nan   nan   nan
308   0.540000   135.000000   nan   nan   nan   nan   nan   nan   nan   nan   nan   nan   nan   nan   nan   nan   nan   nan   nan
329   0.580000   135.000000   nan   nan   nan   nan   nan   nan   nan   nan   nan   nan   nan   nan   nan   nan   nan   nan   nan
350   0.620000   135.000000   nan   nan   nan   nan   nan   nan   nan   nan   nan   nan   nan   nan   nan   nan   nan   nan   nan
371   0.660000   135.000000   nan   nan   nan   nan   nan   nan   nan   nan   nan   nan   nan   nan   nan   nan   nan   nan   nan
392   0.700000   135.000000   nan   nan   nan   nan   nan   nan   nan   nan   nan   nan   nan   nan   nan   nan   nan   nan   nan
413   0.740000   135.000000   nan   nan   nan   nan   nan   nan   nan   nan   nan   nan   nan   nan   nan   nan   nan   nan   nan
434   0.780000   135.000000   nan   nan   nan   nan   nan   nan   nan   nan   nan   nan   nan   nan   nan   nan   nan   nan   nan
455   0.820000   135.000000   nan   nan   nan   nan   nan   nan   nan   nan   nan   nan   nan   nan   nan   nan   nan   nan   nan
476   0.860000   135.000000   nan   nan   nan   nan   nan   nan   nan   nan   nan   nan   nan   nan   nan   nan   nan   nan   nan
497   0.900000   135.000000   nan   nan   nan   nan   nan   nan   nan   nan   nan   nan   nan   nan   nan   nan   nan   nan   nan
518   0.940000   135.000000   nan   nan   nan   nan   nan   nan   nan   nan   nan   nan   nan   nan   nan   nan   nan   nan   nan
539   0.980000   135.000000   nan   nan   nan   nan   nan   nan   nan   nan   nan   nan   nan   nan   nan   nan   nan   nan   nan
560   1.020000   135.000000   nan   nan   nan   nan   nan   nan   nan   nan   nan   nan   nan   nan   nan   nan   nan   nan   nan
581   1.060000   135.000000   nan   nan   nan   nan   nan   nan   nan   nan   nan   nan   nan   nan   nan   nan   nan   nan   nan
602   1.100000   135.000000   nan   nan   nan   nan   nan   nan   nan   nan   nan   nan   nan   nan   nan   nan   nan   nan   nan
623   1.140000   135.000000   nan   nan   nan   nan   nan   nan   nan   nan   nan   nan   nan   nan   nan   nan   nan   nan   nan
644   1.180000   135.000000   nan   nan   nan   nan   nan   nan   nan   nan   nan   nan   nan   nan   nan   nan   nan   nan   nan
36   0.020000   145.000000   1.472e+01   -8.537e+00   1.908e+00   -4.632e+00   -1.787e+00   -1.221e+01   -2.491e+01   4.705e-01   1.472e+01   -8.537e+00   4.146e+00   -4.632e+00   -1.787e+00   -0.000e+00   -0.000e+00   4.987e+00   1.887e+01
57   0.060000   145.000000   nan   nan   nan   nan   nan   nan   nan   nan   nan   nan   nan   nan   nan   nan   nan   nan   nan
78   0.100000   145.000000   nan   nan   nan   nan   nan   nan   nan   nan   nan   nan   nan   nan   nan   nan   nan   nan   nan
99   0.140000   145.000000   nan   nan   nan   nan   nan   nan   nan   nan   nan   nan   nan   nan   nan   nan   nan   nan   nan
120   0.180000   145.000000   nan   nan   nan   nan   nan   nan   nan   nan   nan   nan   nan   nan   nan   nan   nan   nan   nan
141   0.220000   145.000000   nan   nan   nan   nan   nan   nan   nan   nan   nan   nan   nan   nan   nan   nan   nan   nan   nan
162   0.260000   145.000000   nan   nan   nan   nan   nan   nan   nan   nan   nan   nan   nan   nan   nan   nan   nan   nan   nan
183   0.300000   145.000000   nan   nan   nan   nan   nan   nan   nan   nan   nan   nan   nan   nan   nan   nan   nan   nan   nan
204   0.340000   145.000000   nan   nan   nan   nan   nan   nan   nan   nan   nan   nan   nan   nan   nan   nan   nan   nan   nan
225   0.380000   145.000000   nan   nan   nan   nan   nan   nan   nan   nan   nan   nan   nan   nan   nan   nan   nan   nan   nan
246   0.420000   145.000000   nan   nan   nan   nan   nan   nan   nan   nan   nan   nan   nan   nan   nan   nan   nan   nan   nan
267   0.460000   145.000000   nan   nan   nan   nan   nan   nan   nan   nan   nan   nan   nan   nan   nan   nan   nan   nan   nan
288   0.500000   145.000000   nan   nan   nan   nan   nan   nan   nan   nan   nan   nan   nan   nan   nan   nan   nan   nan   nan
309   0.540000   145.000000   nan   nan   nan   nan   nan   nan   nan   nan   nan   nan   nan   nan   nan   nan   nan   nan   nan
330   0.580000   145.000000   nan   nan   nan   nan   nan   nan   nan   nan   nan   nan   nan   nan   nan   nan   nan   nan   nan
351   0.620000   145.000000   nan   nan   nan   nan   nan   nan   nan   nan   nan   nan   nan   nan   nan   nan   nan   nan   nan
372   0.660000   145.000000   nan   nan   nan   nan   nan   nan   nan   nan   nan   nan   nan   nan   nan   nan   nan   nan   nan
393   0.700000   145.000000   nan   nan   nan   nan   nan   nan   nan   nan   nan   nan   nan   nan   nan   nan   nan   nan   nan
414   0.740000   145.000000   nan   nan   nan   nan   nan   nan   nan   nan   nan   nan   nan   nan   nan   nan   nan   nan   nan
435   0.780000   145.000000   nan   nan   nan   nan   nan   nan   nan   nan   nan   nan   nan   nan   nan   nan   nan   nan   nan
456   0.820000   145.000000   nan   nan   nan   nan   nan   nan   nan   nan   nan   nan   nan   nan   nan   nan   nan   nan   nan
477   0.860000   145.000000   nan   nan   nan   nan   nan   nan   nan   nan   nan   nan   nan   nan   nan   nan   nan   nan   nan
498   0.900000   145.000000   nan   nan   nan   nan   nan   nan   nan   nan   nan   nan   nan   nan   nan   nan   nan   nan   nan
519   0.940000   145.000000   nan   nan   nan   nan   nan   nan   nan   nan   nan   nan   nan   nan   nan   nan   nan   nan   nan
540   0.980000   145.000000   nan   nan   nan   nan   nan   nan   nan   nan   nan   nan   nan   nan   nan   nan   nan   nan   nan
561   1.020000   145.000000   nan   nan   nan   nan   nan   nan   nan   nan   nan   nan   nan   nan   nan   nan   nan   nan   nan
582   1.060000   145.000000   nan   nan   nan   nan   nan   nan   nan   nan   nan   nan   nan   nan   nan   nan   nan   nan   nan
603   1.100000   145.000000   nan   nan   nan   nan   nan   nan   nan   nan   nan   nan   nan   nan   nan   nan   nan   nan   nan
624   1.140000   145.000000   nan   nan   nan   nan   nan   nan   nan   nan   nan   nan   nan   nan   nan   nan   nan   nan   nan
645   1.180000   145.000000   nan   nan   nan   nan   nan   nan   nan   nan   nan   nan   nan   nan   nan   nan   nan   nan   nan
37   0.020000   155.000000   nan   nan   nan   nan   nan   nan   nan   nan   nan   nan   nan   nan   nan   nan   nan   nan   nan
58   0.060000   155.000000   nan   nan   nan   nan   nan   nan   nan   nan   nan   nan   nan   nan   nan   nan   nan   nan   nan
79   0.100000   155.000000   nan   nan   nan   nan   nan   nan   nan   nan   nan   nan   nan   nan   nan   nan   nan   nan   nan
100   0.140000   155.000000   nan   nan   nan   nan   nan   nan   nan   nan   nan   nan   nan   nan   nan   nan   nan   nan   nan
121   0.180000   155.000000   nan   nan   nan   nan   nan   nan   nan   nan   nan   nan   nan   nan   nan   nan   nan   nan   nan
142   0.220000   155.000000   nan   nan   nan   nan   nan   nan   nan   nan   nan   nan   nan   nan   nan   nan   nan   nan   nan
163   0.260000   155.000000   nan   nan   nan   nan   nan   nan   nan   nan   nan   nan   nan   nan   nan   nan   nan   nan   nan
184   0.300000   155.000000   nan   nan   nan   nan   nan   nan   nan   nan   nan   nan   nan   nan   nan   nan   nan   nan   nan
205   0.340000   155.000000   nan   nan   nan   nan   nan   nan   nan   nan   nan   nan   nan   nan   nan   nan   nan   nan   nan
226   0.380000   155.000000   nan   nan   nan   nan   nan   nan   nan   nan   nan   nan   nan   nan   nan   nan   nan   nan   nan
247   0.420000   155.000000   nan   nan   nan   nan   nan   nan   nan   nan   nan   nan   nan   nan   nan   nan   nan   nan   nan
268   0.460000   155.000000   nan   nan   nan   nan   nan   nan   nan   nan   nan   nan   nan   nan   nan   nan   nan   nan   nan
289   0.500000   155.000000   nan   nan   nan   nan   nan   nan   nan   nan   nan   nan   nan   nan   nan   nan   nan   nan   nan
310   0.540000   155.000000   nan   nan   nan   nan   nan   nan   nan   nan   nan   nan   nan   nan   nan   nan   nan   nan   nan
331   0.580000   155.000000   nan   nan   nan   nan   nan   nan   nan   nan   nan   nan   nan   nan   nan   nan   nan   nan   nan
352   0.620000   155.000000   nan   nan   nan   nan   nan   nan   nan   nan   nan   nan   nan   nan   nan   nan   nan   nan   nan
373   0.660000   155.000000   nan   nan   nan   nan   nan   nan   nan   nan   nan   nan   nan   nan   nan   nan   nan   nan   nan
394   0.700000   155.000000   nan   nan   nan   nan   nan   nan   nan   nan   nan   nan   nan   nan   nan   nan   nan   nan   nan
415   0.740000   155.000000   nan   nan   nan   nan   nan   nan   nan   nan   nan   nan   nan   nan   nan   nan   nan   nan   nan
436   0.780000   155.000000   nan   nan   nan   nan   nan   nan   nan   nan   nan   nan   nan   nan   nan   nan   nan   nan   nan
457   0.820000   155.000000   nan   nan   nan   nan   nan   nan   nan   nan   nan   nan   nan   nan   nan   nan   nan   nan   nan
478   0.860000   155.000000   nan   nan   nan   nan   nan   nan   nan   nan   nan   nan   nan   nan   nan   nan   nan   nan   nan
499   0.900000   155.000000   nan   nan   nan   nan   nan   nan   nan   nan   nan   nan   nan   nan   nan   nan   nan   nan   nan
520   0.940000   155.000000   nan   nan   nan   nan   nan   nan   nan   nan   nan   nan   nan   nan   nan   nan   nan   nan   nan
541   0.980000   155.000000   nan   nan   nan   nan   nan   nan   nan   nan   nan   nan   nan   nan   nan   nan   nan   nan   nan
562   1.020000   155.000000   nan   nan   nan   nan   nan   nan   nan   nan   nan   nan   nan   nan   nan   nan   nan   nan   nan
583   1.060000   155.000000   nan   nan   nan   nan   nan   nan   nan   nan   nan   nan   nan   nan   nan   nan   nan   nan   nan
604   1.100000   155.000000   nan   nan   nan   nan   nan   nan   nan   nan   nan   nan   nan   nan   nan   nan   nan   nan   nan
625   1.140000   155.000000   nan   nan   nan   nan   nan   nan   nan   nan   nan   nan   nan   nan   nan   nan   nan   nan   nan
646   1.180000   155.000000   nan   nan   nan   nan   nan   nan   nan   nan   nan   nan   nan   nan   nan   nan   nan   nan   nan
38   0.020000   165.000000   nan   nan   nan   nan   nan   nan   nan   nan   nan   nan   nan   nan   nan   nan   nan   nan   nan
59   0.060000   165.000000   nan   nan   nan   nan   nan   nan   nan   nan   nan   nan   nan   nan   nan   nan   nan   nan   nan
80   0.100000   165.000000   nan   nan   nan   nan   nan   nan   nan   nan   nan   nan   nan   nan   nan   nan   nan   nan   nan
101   0.140000   165.000000   nan   nan   nan   nan   nan   nan   nan   nan   nan   nan   nan   nan   nan   nan   nan   nan   nan
122   0.180000   165.000000   nan   nan   nan   nan   nan   nan   nan   nan   nan   nan   nan   nan   nan   nan   nan   nan   nan
143   0.220000   165.000000   nan   nan   nan   nan   nan   nan   nan   nan   nan   nan   nan   nan   nan   nan   nan   nan   nan
164   0.260000   165.000000   nan   nan   nan   nan   nan   nan   nan   nan   nan   nan   nan   nan   nan   nan   nan   nan   nan
185   0.300000   165.000000   nan   nan   nan   nan   nan   nan   nan   nan   nan   nan   nan   nan   nan   nan   nan   nan   nan
206   0.340000   165.000000   nan   nan   nan   nan   nan   nan   nan   nan   nan   nan   nan   nan   nan   nan   nan   nan   nan
227   0.380000   165.000000   nan   nan   nan   nan   nan   nan   nan   nan   nan   nan   nan   nan   nan   nan   nan   nan   nan
248   0.420000   165.000000   nan   nan   nan   nan   nan   nan   nan   nan   nan   nan   nan   nan   nan   nan   nan   nan   nan
269   0.460000   165.000000   nan   nan   nan   nan   nan   nan   nan   nan   nan   nan   nan   nan   nan   nan   nan   nan   nan
290   0.500000   165.000000   nan   nan   nan   nan   nan   nan   nan   nan   nan   nan   nan   nan   nan   nan   nan   nan   nan
311   0.540000   165.000000   nan   nan   nan   nan   nan   nan   nan   nan   nan   nan   nan   nan   nan   nan   nan   nan   nan
332   0.580000   165.000000   nan   nan   nan   nan   nan   nan   nan   nan   nan   nan   nan   nan   nan   nan   nan   nan   nan
353   0.620000   165.000000   nan   nan   nan   nan   nan   nan   nan   nan   nan   nan   nan   nan   nan   nan   nan   nan   nan
374   0.660000   165.000000   nan   nan   nan   nan   nan   nan   nan   nan   nan   nan   nan   nan   nan   nan   nan   nan   nan
395   0.700000   165.000000   nan   nan   nan   nan   nan   nan   nan   nan   nan   nan   nan   nan   nan   nan   nan   nan   nan
416   0.740000   165.000000   nan   nan   nan   nan   nan   nan   nan   nan   nan   nan   nan   nan   nan   nan   nan   nan   nan
437   0.780000   165.000000   nan   nan   nan   nan   nan   nan   nan   nan   nan   nan   nan   nan   nan   nan   nan   nan   nan
458   0.820000   165.000000   nan   nan   nan   nan   nan   nan   nan   nan   nan   nan   nan   nan   nan   nan   nan   nan   nan
479   0.860000   165.000000   nan   nan   nan   nan   nan   nan   nan   nan   nan   nan   nan   nan   nan   nan   nan   nan   nan
500   0.900000   165.000000   nan   nan   nan   nan   nan   nan   nan   nan   nan   nan   nan   nan   nan   nan   nan   nan   nan
521   0.940000   165.000000   nan   nan   nan   nan   nan   nan   nan   nan   nan   nan   nan   nan   nan   nan   nan   nan   nan
542   0.980000   165.000000   nan   nan   nan   nan   nan   nan   nan   nan   nan   nan   nan   nan   nan   nan   nan   nan   nan
563   1.020000   165.000000   nan   nan   nan   nan   nan   nan   nan   nan   nan   nan   nan   nan   nan   nan   nan   nan   nan
584   1.060000   165.000000   nan   nan   nan   nan   nan   nan   nan   nan   nan   nan   nan   nan   nan   nan   nan   nan   nan
605   1.100000   165.000000   nan   nan   nan   nan   nan   nan   nan   nan   nan   nan   nan   nan   nan   nan   nan   nan   nan
626   1.140000   165.000000   nan   nan   nan   nan   nan   nan   nan   nan   nan   nan   nan   nan   nan   nan   nan   nan   nan
647   1.180000   165.000000   nan   nan   nan   nan   nan   nan   nan   nan   nan   nan   nan   nan   nan   nan   nan   nan   nan
39   0.020000   175.000000   nan   nan   nan   nan   nan   nan   nan   nan   nan   nan   nan   nan   nan   nan   nan   nan   nan
60   0.060000   175.000000   nan   nan   nan   nan   nan   nan   nan   nan   nan   nan   nan   nan   nan   nan   nan   nan   nan
81   0.100000   175.000000   nan   nan   nan   nan   nan   nan   nan   nan   nan   nan   nan   nan   nan   nan   nan   nan   nan
102   0.140000   175.000000   nan   nan   nan   nan   nan   nan   nan   nan   nan   nan   nan   nan   nan   nan   nan   nan   nan
123   0.180000   175.000000   nan   nan   nan   nan   nan   nan   nan   nan   nan   nan   nan   nan   nan   nan   nan   nan   nan
144   0.220000   175.000000   nan   nan   nan   nan   nan   nan   nan   nan   nan   nan   nan   nan   nan   nan   nan   nan   nan
165   0.260000   175.000000   nan   nan   nan   nan   nan   nan   nan   nan   nan   nan   nan   nan   nan   nan   nan   nan   nan
186   0.300000   175.000000   nan   nan   nan   nan   nan   nan   nan   nan   nan   nan   nan   nan   nan   nan   nan   nan   nan
207   0.340000   175.000000   nan   nan   nan   nan   nan   nan   nan   nan   nan   nan   nan   nan   nan   nan   nan   nan   nan
228   0.380000   175.000000   nan   nan   nan   nan   nan   nan   nan   nan   nan   nan   nan   nan   nan   nan   nan   nan   nan
249   0.420000   175.000000   nan   nan   nan   nan   nan   nan   nan   nan   nan   nan   nan   nan   nan   nan   nan   nan   nan
270   0.460000   175.000000   nan   nan   nan   nan   nan   nan   nan   nan   nan   nan   nan   nan   nan   nan   nan   nan   nan
291   0.500000   175.000000   nan   nan   nan   nan   nan   nan   nan   nan   nan   nan   nan   nan   nan   nan   nan   nan   nan
312   0.540000   175.000000   nan   nan   nan   nan   nan   nan   nan   nan   nan   nan   nan   nan   nan   nan   nan   nan   nan
333   0.580000   175.000000   nan   nan   nan   nan   nan   nan   nan   nan   nan   nan   nan   nan   nan   nan   nan   nan   nan
354   0.620000   175.000000   nan   nan   nan   nan   nan   nan   nan   nan   nan   nan   nan   nan   nan   nan   nan   nan   nan
375   0.660000   175.000000   nan   nan   nan   nan   nan   nan   nan   nan   nan   nan   nan   nan   nan   nan   nan   nan   nan
396   0.700000   175.000000   nan   nan   nan   nan   nan   nan   nan   nan   nan   nan   nan   nan   nan   nan   nan   nan   nan
417   0.740000   175.000000   nan   nan   nan   nan   nan   nan   nan   nan   nan   nan   nan   nan   nan   nan   nan   nan   nan
438   0.780000   175.000000   nan   nan   nan   nan   nan   nan   nan   nan   nan   nan   nan   nan   nan   nan   nan   nan   nan
459   0.820000   175.000000   nan   nan   nan   nan   nan   nan   nan   nan   nan   nan   nan   nan   nan   nan   nan   nan   nan
480   0.860000   175.000000   nan   nan   nan   nan   nan   nan   nan   nan   nan   nan   nan   nan   nan   nan   nan   nan   nan
501   0.900000   175.000000   nan   nan   nan   nan   nan   nan   nan   nan   nan   nan   nan   nan   nan   nan   nan   nan   nan
522   0.940000   175.000000   nan   nan   nan   nan   nan   nan   nan   nan   nan   nan   nan   nan   nan   nan   nan   nan   nan
543   0.980000   175.000000   nan   nan   nan   nan   nan   nan   nan   nan   nan   nan   nan   nan   nan   nan   nan   nan   nan
564   1.020000   175.000000   nan   nan   nan   nan   nan   nan   nan   nan   nan   nan   nan   nan   nan   nan   nan   nan   nan
585   1.060000   175.000000   nan   nan   nan   nan   nan   nan   nan   nan   nan   nan   nan   nan   nan   nan   nan   nan   nan
606   1.100000   175.000000   nan   nan   nan   nan   nan   nan   nan   nan   nan   nan   nan   nan   nan   nan   nan   nan   nan
627   1.140000   175.000000   nan   nan   nan   nan   nan   nan   nan   nan   nan   nan   nan   nan   nan   nan   nan   nan   nan
648   1.180000   175.000000   nan   nan   nan   nan   nan   nan   nan   nan   nan   nan   nan   nan   nan   nan   nan   nan   nan
40   0.020000   185.000000   nan   nan   nan   nan   nan   nan   nan   nan   nan   nan   nan   nan   nan   nan   nan   nan   nan
61   0.060000   185.000000   nan   nan   nan   nan   nan   nan   nan   nan   nan   nan   nan   nan   nan   nan   nan   nan   nan
82   0.100000   185.000000   nan   nan   nan   nan   nan   nan   nan   nan   nan   nan   nan   nan   nan   nan   nan   nan   nan
103   0.140000   185.000000   nan   nan   nan   nan   nan   nan   nan   nan   nan   nan   nan   nan   nan   nan   nan   nan   nan
124   0.180000   185.000000   nan   nan   nan   nan   nan   nan   nan   nan   nan   nan   nan   nan   nan   nan   nan   nan   nan
145   0.220000   185.000000   nan   nan   nan   nan   nan   nan   nan   nan   nan   nan   nan   nan   nan   nan   nan   nan   nan
166   0.260000   185.000000   nan   nan   nan   nan   nan   nan   nan   nan   nan   nan   nan   nan   nan   nan   nan   nan   nan
187   0.300000   185.000000   nan   nan   nan   nan   nan   nan   nan   nan   nan   nan   nan   nan   nan   nan   nan   nan   nan
208   0.340000   185.000000   nan   nan   nan   nan   nan   nan   nan   nan   nan   nan   nan   nan   nan   nan   nan   nan   nan
229   0.380000   185.000000   nan   nan   nan   nan   nan   nan   nan   nan   nan   nan   nan   nan   nan   nan   nan   nan   nan
250   0.420000   185.000000   nan   nan   nan   nan   nan   nan   nan   nan   nan   nan   nan   nan   nan   nan   nan   nan   nan
271   0.460000   185.000000   nan   nan   nan   nan   nan   nan   nan   nan   nan   nan   nan   nan   nan   nan   nan   nan   nan
292   0.500000   185.000000   nan   nan   nan   nan   nan   nan   nan   nan   nan   nan   nan   nan   nan   nan   nan   nan   nan
313   0.540000   185.000000   nan   nan   nan   nan   nan   nan   nan   nan   nan   nan   nan   nan   nan   nan   nan   nan   nan
334   0.580000   185.000000   nan   nan   nan   nan   nan   nan   nan   nan   nan   nan   nan   nan   nan   nan   nan   nan   nan
355   0.620000   185.000000   nan   nan   nan   nan   nan   nan   nan   nan   nan   nan   nan   nan   nan   nan   nan   nan   nan
376   0.660000   185.000000   nan   nan   nan   nan   nan   nan   nan   nan   nan   nan   nan   nan   nan   nan   nan   nan   nan
397   0.700000   185.000000   nan   nan   nan   nan   nan   nan   nan   nan   nan   nan   nan   nan   nan   nan   nan   nan   nan
418   0.740000   185.000000   nan   nan   nan   nan   nan   nan   nan   nan   nan   nan   nan   nan   nan   nan   nan   nan   nan
439   0.780000   185.000000   nan   nan   nan   nan   nan   nan   nan   nan   nan   nan   nan   nan   nan   nan   nan   nan   nan
460   0.820000   185.000000   nan   nan   nan   nan   nan   nan   nan   nan   nan   nan   nan   nan   nan   nan   nan   nan   nan
481   0.860000   185.000000   nan   nan   nan   nan   nan   nan   nan   nan   nan   nan   nan   nan   nan   nan   nan   nan   nan
502   0.900000   185.000000   nan   nan   nan   nan   nan   nan   nan   nan   nan   nan   nan   nan   nan   nan   nan   nan   nan
523   0.940000   185.000000   nan   nan   nan   nan   nan   nan   nan   nan   nan   nan   nan   nan   nan   nan   nan   nan   nan
544   0.980000   185.000000   nan   nan   nan   nan   nan   nan   nan   nan   nan   nan   nan   nan   nan   nan   nan   nan   nan
565   1.020000   185.000000   nan   nan   nan   nan   nan   nan   nan   nan   nan   nan   nan   nan   nan   nan   nan   nan   nan
586   1.060000   185.000000   nan   nan   nan   nan   nan   nan   nan   nan   nan   nan   nan   nan   nan   nan   nan   nan   nan
607   1.100000   185.000000   nan   nan   nan   nan   nan   nan   nan   nan   nan   nan   nan   nan   nan   nan   nan   nan   nan
628   1.140000   185.000000   nan   nan   nan   nan   nan   nan   nan   nan   nan   nan   nan   nan   nan   nan   nan   nan   nan
649   1.180000   185.000000   nan   nan   nan   nan   nan   nan   nan   nan   nan   nan   nan   nan   nan   nan   nan   nan   nan
