                                            
# averaged kinematics results                                                                              
# averaged kinematic varibles used as input to calculate the averaged                                
# kinematics: Ei, omega, th_e, pf                                                                     
#                                                                                                  
# variables with _mc attached are from histograms not calculated                                                                
#\ xb = th_nq                                                                                                    
#\ yb = pm                                                                        
# current header line:  
#! i_b[i,0]/ i_x[i,1]/ i_y[i,2]/ xb[f,3]/ yb[f,4]/ bc_fact_pwia[f,5]/  bc_fact_pwia_err[f,6]/  bc_fact_fsi[f,7]/  bc_fact_fsi_err[f,8]/  dataXsec[f,9]/  dataXsec_err[f,10]/  dataXsec_bc[f,11]/  dataXsec_bc_err[f,12]/  pwiaXsec_theory[f,13]/   fsiXsec_theory[f,14]/ 
144 1 13 10.000000 0.500000 0.950967 0.451503 0.933609 0.443804 0.000000000000e+00 0.000000000000e+00 0.000000000000e+00 0.000000000000e+00 1.068852493551e-07 7.008934691939e-08
155 1 14 10.000000 0.540000 0.923203 0.353469 0.911888 0.349518 0.000000000000e+00 0.000000000000e+00 0.000000000000e+00 0.000000000000e+00 6.571139992346e-08 4.234910443813e-08
166 1 15 10.000000 0.580000 0.929598 0.230958 0.928475 0.230727 0.000000000000e+00 0.000000000000e+00 0.000000000000e+00 0.000000000000e+00 4.496580582284e-08 2.898516733954e-08
177 1 16 10.000000 0.620000 0.928334 0.191016 0.930648 0.191429 0.000000000000e+00 0.000000000000e+00 0.000000000000e+00 0.000000000000e+00 2.941524372741e-08 1.907956200208e-08
188 1 17 10.000000 0.660000 0.906832 0.137376 0.913958 0.138382 0.000000000000e+00 0.000000000000e+00 0.000000000000e+00 0.000000000000e+00 2.032702049126e-08 1.336296888136e-08
199 1 18 10.000000 0.700000 0.941077 0.187650 0.945222 0.188366 0.000000000000e+00 0.000000000000e+00 0.000000000000e+00 0.000000000000e+00 1.419815489167e-08 9.433657606358e-09
123 2 11 20.000000 0.420000 0.967567 0.301904 0.939406 0.293751 0.000000000000e+00 0.000000000000e+00 0.000000000000e+00 0.000000000000e+00 2.266615402229e-07 1.738875512054e-07
134 2 12 20.000000 0.460000 0.910221 0.074766 0.885734 0.073109 0.000000000000e+00 0.000000000000e+00 0.000000000000e+00 0.000000000000e+00 1.555747848076e-07 1.134886841196e-07
145 2 13 20.000000 0.500000 0.937509 0.050386 0.920662 0.049674 5.023793647752e-08 3.571236666482e-08 4.625215592104e-08 3.297358754833e-08 1.041947054138e-07 7.307440689283e-08
156 2 14 20.000000 0.540000 0.940849 0.039473 0.927828 0.039026 3.099211198787e-08 2.198592123817e-08 2.875535544378e-08 2.043498241243e-08 7.049614792213e-08 4.798203069198e-08
167 2 15 20.000000 0.580000 0.942566 0.033629 0.931533 0.033293 9.633906117301e-09 9.644628234187e-09 8.974304363621e-09 8.990015831357e-09 4.659533586730e-08 3.102171455914e-08
178 2 16 20.000000 0.620000 0.949842 0.028332 0.939119 0.028050 0.000000000000e+00 0.000000000000e+00 0.000000000000e+00 0.000000000000e+00 3.134997121290e-08 2.053789498548e-08
189 2 17 20.000000 0.660000 0.952818 0.026322 0.940625 0.026014 0.000000000000e+00 0.000000000000e+00 0.000000000000e+00 0.000000000000e+00 2.134066476578e-08 1.376735481025e-08
200 2 18 20.000000 0.700000 0.938431 0.027922 0.925558 0.027564 6.800259466644e-09 6.805572994539e-09 6.294032262530e-09 6.301738507874e-09 1.463500170935e-08 9.316535640513e-09
211 2 19 20.000000 0.740000 0.930311 0.035818 0.918501 0.035395 0.000000000000e+00 0.000000000000e+00 0.000000000000e+00 0.000000000000e+00 1.008928912870e-08 6.350351395691e-09
222 2 20 20.000000 0.780000 0.914685 0.058645 0.904641 0.058040 0.000000000000e+00 0.000000000000e+00 0.000000000000e+00 0.000000000000e+00 6.878468833145e-09 4.284521674611e-09
233 2 21 20.000000 0.820000 0.927484 0.138695 0.920904 0.137753 0.000000000000e+00 0.000000000000e+00 0.000000000000e+00 0.000000000000e+00 4.735795434624e-09 2.944252489495e-09
244 2 22 20.000000 0.860000 0.995788 0.819564 0.990352 0.813831 0.000000000000e+00 0.000000000000e+00 0.000000000000e+00 0.000000000000e+00 3.335585581498e-09 2.088474149085e-09
124 3 11 30.000000 0.420000 1.015483 0.188332 0.983701 0.183097 0.000000000000e+00 0.000000000000e+00 0.000000000000e+00 0.000000000000e+00 2.280609893016e-07 1.954462882701e-07
135 3 12 30.000000 0.460000 0.982556 0.049537 0.968421 0.049026 4.518562235489e-08 3.210303893016e-08 4.375868725846e-08 3.116806808589e-08 1.594791305114e-07 1.322040184813e-07
146 3 13 30.000000 0.500000 0.961869 0.026858 0.949849 0.026638 2.928153008952e-08 1.468519419772e-08 2.781303016263e-08 1.397050822622e-08 1.113272279376e-07 8.991399161337e-08
157 3 14 30.000000 0.540000 0.951303 0.020002 0.940046 0.019854 2.203631588316e-08 9.018537816596e-09 2.071514251143e-08 8.489118129846e-09 7.648865296318e-08 6.031025358259e-08
168 3 15 30.000000 0.580000 0.957706 0.017140 0.950764 0.017093 3.089177269544e-08 8.949392452994e-09 2.937077522395e-08 8.525124937078e-09 5.168110474328e-08 4.000776029017e-08
179 3 16 30.000000 0.620000 0.961324 0.015685 0.952428 0.015605 1.638043656271e-08 5.802790193513e-09 1.560118378949e-08 5.532647145485e-09 3.419099670844e-08 2.596921647768e-08
190 3 17 30.000000 0.660000 0.955859 0.014889 0.948074 0.014829 1.643386404737e-08 5.488988578167e-09 1.558051663141e-08 5.209669424276e-09 2.291959657745e-08 1.713677083599e-08
201 3 18 30.000000 0.700000 0.957223 0.015189 0.953243 0.015187 3.653905178425e-09 2.585100227888e-09 3.483058177457e-09 2.464852470258e-09 1.549298488493e-08 1.149546360018e-08
212 3 19 30.000000 0.740000 0.945736 0.016338 0.940162 0.016311 2.130933207667e-09 2.131495288293e-09 2.003422841287e-09 2.004252698081e-09 1.046551301733e-08 7.718864192186e-09
223 3 20 30.000000 0.780000 0.934973 0.019223 0.931971 0.019242 0.000000000000e+00 0.000000000000e+00 0.000000000000e+00 0.000000000000e+00 6.996603332456e-09 5.183621145423e-09
234 3 21 30.000000 0.820000 0.927683 0.023796 0.924570 0.023814 4.257544095054e-09 4.260027393651e-09 3.936396185431e-09 3.939996884079e-09 4.618666181099e-09 3.454283025917e-09
245 3 22 30.000000 0.860000 0.906663 0.030737 0.899582 0.030609 0.000000000000e+00 0.000000000000e+00 0.000000000000e+00 0.000000000000e+00 2.985775829795e-09 2.289983653201e-09
256 3 23 30.000000 0.900000 0.871775 0.041235 0.872877 0.041386 0.000000000000e+00 0.000000000000e+00 0.000000000000e+00 0.000000000000e+00 1.862579400416e-09 1.496429315375e-09
267 3 24 30.000000 0.940000 0.833548 0.052406 0.835449 0.052744 0.000000000000e+00 0.000000000000e+00 0.000000000000e+00 0.000000000000e+00 1.153287578808e-09 9.727265256980e-10
278 3 25 30.000000 0.980000 0.807375 0.074267 0.806676 0.074187 0.000000000000e+00 0.000000000000e+00 0.000000000000e+00 0.000000000000e+00 6.810415105992e-10 6.190394999879e-10
289 3 26 30.000000 1.020000 0.769228 0.109653 0.783125 0.111330 0.000000000000e+00 0.000000000000e+00 0.000000000000e+00 0.000000000000e+00 3.975885415659e-10 4.000533104518e-10
300 3 27 30.000000 1.060000 0.749558 0.167334 0.772418 0.171397 0.000000000000e+00 0.000000000000e+00 0.000000000000e+00 0.000000000000e+00 2.099629539917e-10 2.413757532654e-10
311 3 28 30.000000 1.100000 0.581844 0.173677 0.651755 0.192109 0.000000000000e+00 0.000000000000e+00 0.000000000000e+00 0.000000000000e+00 1.089919758137e-10 1.496565348830e-10
322 3 29 30.000000 1.140000 0.787027 0.650297 0.882794 0.723823 0.000000000000e+00 0.000000000000e+00 0.000000000000e+00 0.000000000000e+00 3.848778829644e-11 8.368203091492e-11
125 4 11 40.000000 0.420000 1.055815 0.502385 1.053131 0.503262 1.774944735189e-06 2.083111774855e-06 1.869249538736e-06 2.368676886720e-06 2.293932456040e-07 2.266122551792e-07
136 4 12 40.000000 0.460000 1.009252 0.075240 0.998994 0.074768 1.564777249996e-07 9.175346772548e-08 1.563203258734e-07 9.240481775130e-08 1.617342993044e-07 1.594689809561e-07
147 4 13 40.000000 0.500000 0.981531 0.032392 0.976555 0.032359 8.961193032064e-08 3.014847578969e-08 8.751102243554e-08 2.958411413844e-08 1.142011129976e-07 1.132418661251e-07
158 4 14 40.000000 0.540000 0.965511 0.020635 0.958008 0.020576 3.559013705967e-08 1.190887965067e-08 3.409565022823e-08 1.143228603615e-08 8.081604397280e-08 8.015621116327e-08
169 4 15 40.000000 0.580000 0.966935 0.015891 0.964566 0.015952 3.327410524889e-08 8.623574070191e-09 3.209505500504e-08 8.334919394828e-09 5.703682397964e-08 5.671309621260e-08
180 4 16 40.000000 0.620000 0.959860 0.013694 0.958205 0.013780 1.866719756549e-08 5.400906690474e-09 1.788700996290e-08 5.181566819509e-09 3.930206044858e-08 3.935806084679e-08
191 4 17 40.000000 0.660000 0.952279 0.012691 0.949702 0.012782 6.763511528618e-09 3.027398064486e-09 6.423318191948e-09 2.876424361213e-09 2.675288841929e-08 2.696028911055e-08
202 4 18 40.000000 0.700000 0.952523 0.012173 0.955195 0.012351 1.215338230054e-08 3.849160684463e-09 1.160884742185e-08 3.679760862811e-09 1.800528467802e-08 1.841601619176e-08
213 4 19 40.000000 0.740000 0.947126 0.012223 0.954005 0.012481 1.532646187741e-08 4.259419650400e-09 1.462152713369e-08 4.068008949623e-09 1.204134201010e-08 1.256066180947e-08
224 4 20 40.000000 0.780000 0.942951 0.012628 0.954547 0.012979 1.230112633976e-08 3.896681910155e-09 1.174199790301e-08 3.722989465460e-09 7.961765823816e-09 8.533999692261e-09
235 4 21 40.000000 0.820000 0.930044 0.013635 0.944501 0.014080 1.362613688549e-09 1.362878708518e-09 1.286990258755e-09 1.287383529926e-09 5.229197076104e-09 5.827061981240e-09
246 4 22 40.000000 0.860000 0.916713 0.014884 0.934422 0.015433 8.309960719544e-09 3.720924585298e-09 7.765006158211e-09 3.479276576674e-09 3.352831056926e-09 3.903383364266e-09
257 4 23 40.000000 0.900000 0.901993 0.016755 0.917811 0.017395 4.194873781671e-09 2.968122517833e-09 3.850099747467e-09 2.725151536990e-09 2.098442270175e-09 2.597913173093e-09
268 4 24 40.000000 0.940000 0.883274 0.018943 0.901726 0.019739 0.000000000000e+00 0.000000000000e+00 0.000000000000e+00 0.000000000000e+00 1.278302202790e-09 1.707507634266e-09
279 4 25 40.000000 0.980000 0.867357 0.022242 0.885793 0.023069 0.000000000000e+00 0.000000000000e+00 0.000000000000e+00 0.000000000000e+00 7.489617615643e-10 1.096721824647e-09
290 4 26 40.000000 1.020000 0.853910 0.027211 0.885747 0.028708 0.000000000000e+00 0.000000000000e+00 0.000000000000e+00 0.000000000000e+00 4.250288240281e-10 7.111937689573e-10
301 4 27 40.000000 1.060000 0.848183 0.033616 0.882303 0.035018 6.583403155958e-09 6.592389698193e-09 5.808558089894e-09 5.821053945280e-09 2.312852762011e-10 4.532115868771e-10
312 4 28 40.000000 1.100000 0.870318 0.044020 0.905894 0.046543 0.000000000000e+00 0.000000000000e+00 0.000000000000e+00 0.000000000000e+00 1.207710861201e-10 3.001320603715e-10
323 4 29 40.000000 1.140000 0.761656 0.071195 0.868017 0.064064 0.000000000000e+00 0.000000000000e+00 0.000000000000e+00 0.000000000000e+00 5.295608769592e-11 1.794675523074e-10
334 4 30 40.000000 1.180000 0.802843 0.078731 0.844541 0.083504 0.000000000000e+00 0.000000000000e+00 0.000000000000e+00 0.000000000000e+00 2.495834131980e-11 1.196399798471e-10
137 5 12 50.000000 0.460000 1.166140 0.550969 1.157951 0.548148 0.000000000000e+00 0.000000000000e+00 0.000000000000e+00 0.000000000000e+00 1.664497096982e-07 1.958074544103e-07
148 5 13 50.000000 0.500000 1.033448 0.119553 1.034584 0.120020 1.298782734693e-07 1.315303613593e-07 1.343699275273e-07 1.369690446022e-07 1.200799416580e-07 1.459609841300e-07
159 5 14 50.000000 0.540000 1.011060 0.049461 1.022994 0.050233 1.225662202842e-07 5.546026115096e-08 1.253844727159e-07 5.706858593498e-08 8.641378496937e-08 1.089764118001e-07
170 5 15 50.000000 0.580000 0.994198 0.031467 1.003579 0.031925 7.201406759805e-08 2.565422485933e-08 7.227177690231e-08 2.584847437181e-08 6.337894846985e-08 8.249529058352e-08
181 5 16 50.000000 0.620000 0.986182 0.023745 0.999497 0.024223 5.206929643009e-08 1.655732615323e-08 5.204310012092e-08 1.659699120539e-08 4.598528769289e-08 6.240169895662e-08
192 5 17 50.000000 0.660000 0.973984 0.020050 0.989434 0.020515 4.276980192230e-08 1.240578118968e-08 4.231791697620e-08 1.230602850190e-08 3.265045191693e-08 4.605512707580e-08
203 5 18 50.000000 0.700000 0.971617 0.018392 0.989419 0.018918 4.058810176844e-08 1.089902662273e-08 4.015864581295e-08 1.081100744435e-08 2.299418031511e-08 3.416603247597e-08
214 5 19 50.000000 0.740000 0.965530 0.018054 0.987757 0.018693 2.919532882117e-08 8.833763294501e-09 2.883789924507e-08 8.742664166548e-09 1.602846516875e-08 2.524744545691e-08
225 5 20 50.000000 0.780000 0.955490 0.018176 0.980484 0.018917 2.490623884910e-08 8.327495210750e-09 2.442017545128e-08 8.178560995861e-09 1.085511060632e-08 1.817342159891e-08
236 5 21 50.000000 0.820000 0.952617 0.019306 0.987846 0.020343 1.475320932087e-08 6.610517047782e-09 1.457389809433e-08 6.537065439853e-09 7.278867442870e-09 1.318631528158e-08
247 5 22 50.000000 0.860000 0.945353 0.021066 0.985931 0.022393 1.765301860246e-08 7.913409570036e-09 1.740466609883e-08 7.812087176779e-09 4.759434070267e-09 9.423493928214e-09
258 5 23 50.000000 0.900000 0.939287 0.023433 0.996845 0.025401 2.110701124991e-08 9.466758364452e-09 2.104041399308e-08 9.452106373068e-09 3.060550575336e-09 6.794538499638e-09
269 5 24 50.000000 0.940000 0.922915 0.026704 0.981476 0.028971 0.000000000000e+00 0.000000000000e+00 0.000000000000e+00 0.000000000000e+00 1.881133572494e-09 4.707987273180e-09
280 5 25 50.000000 0.980000 0.901643 0.030309 0.978541 0.033584 6.742974179019e-09 6.749942981958e-09 6.598273902425e-09 6.608974075598e-09 1.105507014625e-09 3.209390240417e-09
291 5 26 50.000000 1.020000 0.902320 0.036584 0.983835 0.040713 9.350588747736e-09 9.364685904486e-09 9.199437824099e-09 9.221168875566e-09 6.341261594843e-10 2.137624948765e-09
302 5 27 50.000000 1.060000 0.891723 0.044611 0.985825 0.050135 1.262128801471e-08 1.264997838305e-08 1.244238706459e-08 1.248671381510e-08 3.456284143374e-10 1.429274216109e-09
313 5 28 50.000000 1.100000 0.891966 0.055457 1.012973 0.063671 1.881173794516e-08 1.887954078756e-08 1.905577665108e-08 1.916193055891e-08 1.826154719150e-10 9.520458374080e-10
324 5 29 50.000000 1.140000 0.833256 0.074677 0.979427 0.085941 2.972335089169e-08 2.992179469465e-08 2.911185148617e-08 2.941733086841e-08 7.893993810473e-11 5.632004570542e-10
335 5 30 50.000000 1.180000 0.819422 0.099897 0.913349 0.111331 0.000000000000e+00 0.000000000000e+00 0.000000000000e+00 0.000000000000e+00 3.937602170222e-11 3.547998254028e-10
