                                            
# averaged kinematics results                                                                              
# averaged kinematic varibles used as input to calculate the averaged                                
# kinematics: Ei, omega, th_e, pf                                                                     
#                                                                                                  
# variables with _mc attached are from histograms not calculated                                                                
#\ xb = th_nq                                                                                                    
#\ yb = pm                                                                        
# current header line:  
#! i_b[i,0]/ i_x[i,1]/ i_y[i,2]/ xb[f,3]/ yb[f,4]/ bc_fact_pwia[f,5]/  bc_fact_pwia_err[f,6]/  bc_fact_fsi[f,7]/  bc_fact_fsi_err[f,8]/  dataXsec[f,9]/  dataXsec_err[f,10]/  dataXsec_bc[f,11]/  dataXsec_bc_err[f,12]/  pwiaXsec_theory[f,13]/   fsiXsec_theory[f,14]/ 
156 2 14 20.000000 0.540000 0.917022 0.337196 0.900581 0.331577 0.000000000000e+00 0.000000000000e+00 0.000000000000e+00 0.000000000000e+00 9.681379308258e-08 6.751210209692e-08
167 2 15 20.000000 0.580000 0.900344 0.151346 0.882647 0.148612 0.000000000000e+00 0.000000000000e+00 0.000000000000e+00 0.000000000000e+00 6.744930201644e-08 4.603463109327e-08
178 2 16 20.000000 0.620000 0.911856 0.094938 0.899816 0.093804 1.819244914714e-07 1.836974739325e-07 1.636985681306e-07 1.661725155247e-07 4.563313122480e-08 3.059305920549e-08
189 2 17 20.000000 0.660000 0.943035 0.072604 0.932125 0.071840 0.000000000000e+00 0.000000000000e+00 0.000000000000e+00 0.000000000000e+00 3.034440948218e-08 1.997359869564e-08
200 2 18 20.000000 0.700000 0.941221 0.057885 0.931429 0.057332 0.000000000000e+00 0.000000000000e+00 0.000000000000e+00 0.000000000000e+00 1.987052311019e-08 1.288512262775e-08
211 2 19 20.000000 0.740000 0.922937 0.046311 0.910484 0.045726 4.386554408597e-08 4.396691978909e-08 3.993886903310e-08 4.008139039092e-08 1.277206987828e-08 8.165874617426e-09
222 2 20 20.000000 0.780000 0.936338 0.040825 0.925543 0.040378 0.000000000000e+00 0.000000000000e+00 0.000000000000e+00 0.000000000000e+00 8.274638126230e-09 5.249772481488e-09
233 2 21 20.000000 0.820000 0.925049 0.037927 0.915066 0.037514 0.000000000000e+00 0.000000000000e+00 0.000000000000e+00 0.000000000000e+00 5.311695670316e-09 3.373468597915e-09
244 2 22 20.000000 0.860000 0.914371 0.045608 0.909867 0.045346 0.000000000000e+00 0.000000000000e+00 0.000000000000e+00 0.000000000000e+00 3.436459771318e-09 2.222792906406e-09
255 2 23 20.000000 0.900000 0.903084 0.069559 0.904649 0.069523 0.000000000000e+00 0.000000000000e+00 0.000000000000e+00 0.000000000000e+00 2.191560595047e-09 1.481011419635e-09
266 2 24 20.000000 0.940000 0.886512 0.155932 0.902542 0.158260 0.000000000000e+00 0.000000000000e+00 0.000000000000e+00 0.000000000000e+00 1.368974525889e-09 1.004807610109e-09
146 3 13 30.000000 0.500000 1.309599 1.309661 1.318158 1.318398 0.000000000000e+00 0.000000000000e+00 0.000000000000e+00 0.000000000000e+00 1.425162544374e-07 1.152640529248e-07
157 3 14 30.000000 0.540000 0.980334 0.139617 0.955836 0.136685 0.000000000000e+00 0.000000000000e+00 0.000000000000e+00 0.000000000000e+00 1.003361872342e-07 7.853803769221e-08
168 3 15 30.000000 0.580000 0.964361 0.048116 0.948767 0.047514 0.000000000000e+00 0.000000000000e+00 0.000000000000e+00 0.000000000000e+00 7.072443187673e-08 5.432637891520e-08
179 3 16 30.000000 0.620000 0.953340 0.027426 0.942315 0.027211 0.000000000000e+00 0.000000000000e+00 0.000000000000e+00 0.000000000000e+00 4.987084501042e-08 3.820919338561e-08
190 3 17 30.000000 0.660000 0.946858 0.021037 0.933061 0.020834 0.000000000000e+00 0.000000000000e+00 0.000000000000e+00 0.000000000000e+00 3.388954159666e-08 2.560084771739e-08
201 3 18 30.000000 0.700000 0.952881 0.017878 0.942966 0.017787 5.589770424308e-09 5.591577704029e-09 5.270962781872e-09 5.273604350736e-09 2.245403724357e-08 1.686381590644e-08
212 3 19 30.000000 0.740000 0.950639 0.015875 0.942040 0.015826 4.236764716836e-09 4.237848681773e-09 3.991201966460e-09 3.992786136450e-09 1.450304609721e-08 1.081213629294e-08
223 3 20 30.000000 0.780000 0.945437 0.014570 0.936391 0.014519 1.742289335027e-08 7.800329633069e-09 1.631463334999e-08 7.308534363413e-09 9.214711453767e-09 6.839737495830e-09
234 3 21 30.000000 0.820000 0.948635 0.013849 0.943359 0.013854 3.097623935133e-09 3.098232344530e-09 2.922171115566e-09 2.923060113391e-09 5.802572576612e-09 4.328324801994e-09
245 3 22 30.000000 0.860000 0.943682 0.014015 0.935032 0.013966 0.000000000000e+00 0.000000000000e+00 0.000000000000e+00 0.000000000000e+00 3.649505418330e-09 2.752176300618e-09
256 3 23 30.000000 0.900000 0.932015 0.014800 0.923501 0.014740 3.258248559845e-09 3.258988343410e-09 3.008994729469e-09 3.010061110305e-09 2.257308166878e-09 1.755286074579e-09
267 3 24 30.000000 0.940000 0.926091 0.016879 0.919447 0.016811 0.000000000000e+00 0.000000000000e+00 0.000000000000e+00 0.000000000000e+00 1.357480002632e-09 1.112664948422e-09
278 3 25 30.000000 0.980000 0.905528 0.019633 0.898084 0.019492 0.000000000000e+00 0.000000000000e+00 0.000000000000e+00 0.000000000000e+00 7.936851780374e-10 7.024828275355e-10
289 3 26 30.000000 1.020000 0.879394 0.024398 0.882999 0.024454 7.811765456722e-09 7.817031664971e-09 6.897782697225e-09 6.905075725150e-09 4.405979419818e-10 4.400870878200e-10
300 3 27 30.000000 1.060000 0.845004 0.031275 0.837806 0.030655 0.000000000000e+00 0.000000000000e+00 0.000000000000e+00 0.000000000000e+00 2.336582735225e-10 2.673448825401e-10
311 3 28 30.000000 1.100000 0.784142 0.037750 0.795402 0.037367 0.000000000000e+00 0.000000000000e+00 0.000000000000e+00 0.000000000000e+00 1.139966791063e-10 1.614771952093e-10
322 3 29 30.000000 1.140000 0.707646 0.050102 0.776107 0.050175 3.427018668845e-08 3.441815608259e-08 2.659733783226e-08 2.676746461930e-08 5.037142119486e-11 9.960805485838e-11
333 3 30 30.000000 1.180000 0.676949 0.067752 0.785953 0.075851 0.000000000000e+00 0.000000000000e+00 0.000000000000e+00 0.000000000000e+00 2.311746971295e-11 6.781681543690e-11
158 4 14 40.000000 0.540000 1.020942 0.419224 0.992859 0.408741 0.000000000000e+00 0.000000000000e+00 0.000000000000e+00 0.000000000000e+00 1.040805778394e-07 9.773421840581e-08
169 4 15 40.000000 0.580000 1.004375 0.086290 1.004198 0.086601 0.000000000000e+00 0.000000000000e+00 0.000000000000e+00 0.000000000000e+00 7.220581114374e-08 6.832274437167e-08
180 4 16 40.000000 0.620000 0.978380 0.036365 0.975006 0.036411 5.046763007499e-08 3.577937962381e-08 4.920622566688e-08 3.493346082125e-08 5.170591105034e-08 4.987198339315e-08
191 4 17 40.000000 0.660000 0.969311 0.022308 0.963418 0.022306 8.942758533692e-09 8.947148540777e-09 8.615612215946e-09 8.622149456490e-09 3.623094567759e-08 3.555321684540e-08
202 4 18 40.000000 0.700000 0.965739 0.016617 0.962669 0.016689 1.889450551573e-08 9.458003360654e-09 1.818916275186e-08 9.110389436570e-09 2.486103954133e-08 2.504907261985e-08
213 4 19 40.000000 0.740000 0.955861 0.013577 0.954101 0.013688 3.155665062593e-09 3.156256862270e-09 3.010821778326e-09 3.011696173504e-09 1.668411324850e-08 1.728032081718e-08
224 4 20 40.000000 0.780000 0.950891 0.012080 0.957712 0.012312 1.206309097057e-08 5.399047958293e-09 1.155296409009e-08 5.172864413757e-09 1.098496310394e-08 1.183697043565e-08
235 4 21 40.000000 0.820000 0.944726 0.011048 0.954294 0.011333 9.822779034607e-09 4.395973001574e-09 9.373823664195e-09 4.196529350113e-09 7.077529871058e-09 7.957354415115e-09
246 4 22 40.000000 0.860000 0.941689 0.010782 0.959635 0.011199 5.270058167639e-09 3.043809535444e-09 5.057332610699e-09 2.921542608828e-09 4.463694889517e-09 5.288396371672e-09
257 4 23 40.000000 0.900000 0.929438 0.010446 0.955759 0.010992 1.016768269579e-08 4.154064528724e-09 9.717849522226e-09 3.971855514369e-09 2.733537728518e-09 3.445548641820e-09
268 4 24 40.000000 0.940000 0.918397 0.010485 0.948192 0.011115 3.273920246016e-09 2.315610415561e-09 3.104305529884e-09 2.195945178576e-09 1.626843750864e-09 2.197245197854e-09
279 4 25 40.000000 0.980000 0.916688 0.010863 0.957988 0.011702 0.000000000000e+00 0.000000000000e+00 0.000000000000e+00 0.000000000000e+00 9.494417203842e-10 1.413059487871e-09
290 4 26 40.000000 1.020000 0.899735 0.011369 0.951405 0.012449 3.612324661617e-09 2.555150718916e-09 3.436783015081e-09 2.431398555856e-09 5.284709561503e-10 8.925759404812e-10
301 4 27 40.000000 1.060000 0.901677 0.012463 0.951447 0.013665 0.000000000000e+00 0.000000000000e+00 0.000000000000e+00 0.000000000000e+00 2.855452593265e-10 5.610263192608e-10
312 4 28 40.000000 1.100000 0.894614 0.013718 0.943915 0.015051 0.000000000000e+00 0.000000000000e+00 0.000000000000e+00 0.000000000000e+00 1.435429277022e-10 3.448280321997e-10
323 4 29 40.000000 1.140000 0.843486 0.014671 0.927427 0.016600 7.956155734234e-09 4.598033177463e-09 7.378755262801e-09 4.266385887807e-09 6.304320157742e-11 2.086261422912e-10
334 4 30 40.000000 1.180000 0.826921 0.018184 0.951010 0.021726 3.669296644304e-09 3.671144259984e-09 3.489537358469e-09 3.492204440547e-09 2.876820457546e-11 1.423518614581e-10
181 5 16 50.000000 0.620000 1.124928 0.412106 1.129391 0.414958 0.000000000000e+00 0.000000000000e+00 0.000000000000e+00 0.000000000000e+00 5.414360632776e-08 6.817581231141e-08
192 5 17 50.000000 0.660000 1.031122 0.126344 1.038028 0.127630 2.422345346531e-07 2.454185094423e-07 2.514461087099e-07 2.566203076508e-07 3.892822880107e-08 5.138696610931e-08
203 5 18 50.000000 0.700000 0.984642 0.060194 0.991381 0.060908 7.063897555781e-08 7.089239693545e-08 7.003014392479e-08 7.041295073343e-08 2.726866345741e-08 3.761634201745e-08
214 5 19 50.000000 0.740000 0.998847 0.040199 1.013923 0.041022 0.000000000000e+00 0.000000000000e+00 0.000000000000e+00 0.000000000000e+00 1.912796017647e-08 2.760144681720e-08
225 5 20 50.000000 0.780000 0.981050 0.032724 0.996564 0.033422 0.000000000000e+00 0.000000000000e+00 0.000000000000e+00 0.000000000000e+00 1.296700931122e-08 1.969666234648e-08
236 5 21 50.000000 0.820000 0.974129 0.027725 0.989444 0.028334 1.272867322655e-08 1.273811527970e-08 1.259430742463e-08 1.260880869664e-08 8.744069035061e-09 1.418938524816e-08
247 5 22 50.000000 0.860000 0.962241 0.024306 0.983344 0.024992 0.000000000000e+00 0.000000000000e+00 0.000000000000e+00 0.000000000000e+00 5.754577942323e-09 1.012171881834e-08
258 5 23 50.000000 0.900000 0.954276 0.023910 0.975931 0.024625 0.000000000000e+00 0.000000000000e+00 0.000000000000e+00 0.000000000000e+00 3.653345215284e-09 7.037416661085e-09
269 5 24 50.000000 0.940000 0.939207 0.023604 0.967399 0.024521 0.000000000000e+00 0.000000000000e+00 0.000000000000e+00 0.000000000000e+00 2.236909874909e-09 4.844579139235e-09
280 5 25 50.000000 0.980000 0.929121 0.024257 0.963698 0.025379 0.000000000000e+00 0.000000000000e+00 0.000000000000e+00 0.000000000000e+00 1.349888201546e-09 3.358606913552e-09
291 5 26 50.000000 1.020000 0.937964 0.026548 0.984572 0.028067 1.097592328136e-08 1.098404355039e-08 1.080658574760e-08 1.081896765753e-08 7.829015883519e-10 2.302493396150e-09
302 5 27 50.000000 1.060000 0.934244 0.029856 0.975213 0.031330 0.000000000000e+00 0.000000000000e+00 0.000000000000e+00 0.000000000000e+00 4.275184779430e-10 1.534368393073e-09
313 5 28 50.000000 1.100000 0.905828 0.034041 0.971873 0.036613 1.750186662264e-08 1.752509410034e-08 1.700959789934e-08 1.704422205849e-08 2.126406778928e-10 9.867437329398e-10
324 5 29 50.000000 1.140000 0.829693 0.037685 0.929130 0.041907 0.000000000000e+00 0.000000000000e+00 0.000000000000e+00 0.000000000000e+00 9.253419809600e-11 6.097369038532e-10
335 5 30 50.000000 1.180000 0.894206 0.053952 0.975107 0.058243 0.000000000000e+00 0.000000000000e+00 0.000000000000e+00 0.000000000000e+00 4.668756453267e-11 4.157809334308e-10
