                                            
# averaged kinematics results                                                                              
# averaged kinematic varibles used as input to calculate the averaged                                
# kinematics: Ei, omega, th_e, pf                                                                     
#                                                                                                  
# variables with _mc attached are from histograms not calculated                                                                
#\ xb = th_nq                                                                                                    
#\ yb = pm                                                                        
# current header line:  
#! i_b[i,0]/ i_x[i,1]/ i_y[i,2]/ xb[f,3]/ yb[f,4]/ bc_fact_pwia[f,5]/  bc_fact_pwia_err[f,6]/  bc_fact_fsi[f,7]/  bc_fact_fsi_err[f,8]/  dataXsec[f,9]/  dataXsec_err[f,10]/  dataXsec_bc[f,11]/  dataXsec_bc_err[f,12]/  pwiaXsec_theory[f,13]/   fsiXsec_theory[f,14]/   red_dataXsec[f,15]/   red_dataXsec_err[f,16]/   red_pwiaXsec[f,17]/   red_fsiXsec[f,18]/
144 1 13 10.000000 0.500000 0.950967 0.451503 0.933609 0.443804 0.000000000000e+00 0.000000000000e+00 0.000000000000e+00 0.000000000000e+00 1.068852496712e-07  7.008934711421e-08  0.000000000000e+00  0.000000000000e+00   2.596854562649e-11   3.960314299472e-11
155 1 14 10.000000 0.540000 0.923203 0.353469 0.911888 0.349518 0.000000000000e+00 0.000000000000e+00 0.000000000000e+00 0.000000000000e+00 6.571139996192e-08  4.234910457134e-08  0.000000000000e+00  0.000000000000e+00   1.889701990544e-11   2.932325295210e-11
166 1 15 10.000000 0.580000 0.929598 0.230958 0.928475 0.230727 0.000000000000e+00 0.000000000000e+00 0.000000000000e+00 0.000000000000e+00 4.496580587704e-08  2.898516754168e-08  0.000000000000e+00  0.000000000000e+00   1.521359806623e-11   2.360296796370e-11
177 1 16 10.000000 0.620000 0.928334 0.191016 0.930648 0.191429 0.000000000000e+00 0.000000000000e+00 0.000000000000e+00 0.000000000000e+00 2.941524384577e-08  1.907956201144e-08  0.000000000000e+00  0.000000000000e+00   1.188421991857e-11   1.832187562395e-11
188 1 17 10.000000 0.660000 0.906832 0.137376 0.913958 0.138382 0.000000000000e+00 0.000000000000e+00 0.000000000000e+00 0.000000000000e+00 2.032702035770e-08  1.336296884998e-08  0.000000000000e+00  0.000000000000e+00   9.442117487025e-12   1.436200142992e-11
199 1 18 10.000000 0.700000 0.941077 0.187650 0.945222 0.188366 0.000000000000e+00 0.000000000000e+00 0.000000000000e+00 0.000000000000e+00 1.419815486511e-08  9.433657640707e-09  0.000000000000e+00  0.000000000000e+00   7.454684494534e-12   1.121961630884e-11
123 2 11 20.000000 0.420000 0.967567 0.301904 0.939406 0.293751 0.000000000000e+00 0.000000000000e+00 0.000000000000e+00 0.000000000000e+00 2.266615386188e-07  1.738875516223e-07  0.000000000000e+00  0.000000000000e+00   4.510998515632e-11   5.885479445571e-11
134 2 12 20.000000 0.460000 0.910221 0.074766 0.885734 0.073109 0.000000000000e+00 0.000000000000e+00 0.000000000000e+00 0.000000000000e+00 1.555747845983e-07  1.134886832900e-07  0.000000000000e+00  0.000000000000e+00   3.354476432346e-11   4.605105377003e-11
145 2 13 20.000000 0.500000 0.937509 0.050386 0.920662 0.049674 5.023793647752e-08 3.571236666482e-08 4.625215638783e-08 3.297358788111e-08 1.041947053040e-07  7.307440763031e-08  1.578994286970e-11  1.125679556399e-11   2.494674436462e-11   3.562277573701e-11
156 2 14 20.000000 0.540000 0.940849 0.039473 0.927828 0.039026 3.099211198787e-08 2.198592123817e-08 2.875535556358e-08 2.043498249757e-08 7.049614784306e-08  4.798203089188e-08  1.132568013749e-11  8.048590283327e-12   1.889836253379e-11   2.780377109391e-11
167 2 15 20.000000 0.580000 0.942566 0.033629 0.931533 0.033293 9.633906117301e-09 9.644628234187e-09 8.974304380608e-09 8.990015848373e-09 4.659533585905e-08  3.102171461786e-08  4.144556090459e-12  4.151812035506e-12   1.432659633584e-11   2.153866661675e-11
178 2 16 20.000000 0.620000 0.949842 0.028332 0.939119 0.028050 0.000000000000e+00 0.000000000000e+00 0.000000000000e+00 0.000000000000e+00 3.134997125344e-08  2.053789493440e-08  0.000000000000e+00  0.000000000000e+00   1.088006305396e-11   1.661833728347e-11
189 2 17 20.000000 0.660000 0.952818 0.026322 0.940625 0.026014 0.000000000000e+00 0.000000000000e+00 0.000000000000e+00 0.000000000000e+00 2.134066486847e-08  1.376735476200e-08  0.000000000000e+00  0.000000000000e+00   8.213958881742e-12   1.273840113994e-11
200 2 18 20.000000 0.700000 0.938431 0.027922 0.925558 0.027564 6.800259466644e-09 6.805572994539e-09 6.294032283734e-09 6.301738529104e-09 1.463500158514e-08  9.316535671900e-09  4.136228259167e-12  4.141292546802e-12   6.122516756585e-12   9.619524699343e-12
211 2 19 20.000000 0.740000 0.930311 0.035818 0.918501 0.035395 0.000000000000e+00 0.000000000000e+00 0.000000000000e+00 0.000000000000e+00 1.008928917160e-08  6.350351395729e-09  0.000000000000e+00  0.000000000000e+00   4.465488641201e-12   7.094752522291e-12
222 2 20 20.000000 0.780000 0.914685 0.058645 0.904641 0.058040 0.000000000000e+00 0.000000000000e+00 0.000000000000e+00 0.000000000000e+00 6.878468868467e-09  4.284521686555e-09  0.000000000000e+00  0.000000000000e+00   3.168192937378e-12   5.087633813598e-12
233 2 21 20.000000 0.820000 0.927484 0.138695 0.920904 0.137753 0.000000000000e+00 0.000000000000e+00 0.000000000000e+00 0.000000000000e+00 4.735795409859e-09  2.944252519930e-09  0.000000000000e+00  0.000000000000e+00   2.275195182663e-12   3.660479887368e-12
244 2 22 20.000000 0.860000 0.995788 0.819564 0.990352 0.813831 0.000000000000e+00 0.000000000000e+00 0.000000000000e+00 0.000000000000e+00 3.335585583468e-09  2.088474147627e-09  0.000000000000e+00  0.000000000000e+00   1.700597612973e-12   2.716493074007e-12
124 3 11 30.000000 0.420000 1.015483 0.188332 0.983701 0.183097 0.000000000000e+00 0.000000000000e+00 0.000000000000e+00 0.000000000000e+00 2.280609883165e-07  1.954462891762e-07  0.000000000000e+00  0.000000000000e+00   4.754103370095e-11   5.556099418678e-11
135 3 12 30.000000 0.460000 0.982556 0.049537 0.968421 0.049026 4.518562235489e-08 3.210303893016e-08 4.375868728352e-08 3.116806810373e-08 1.594791308275e-07  1.322040185570e-07  1.168315290877e-11  8.321577454269e-12   3.529721433251e-11   4.266232567366e-11
146 3 13 30.000000 0.500000 0.961869 0.026858 0.949849 0.026638 2.928153008952e-08 1.468519419772e-08 2.781303002695e-08 1.397050815807e-08 1.113272283740e-07  8.991399117476e-08  8.125796986193e-12  4.081594597081e-12   2.626908459080e-11   3.261118053818e-11
157 3 14 30.000000 0.540000 0.951303 0.020002 0.940046 0.019854 2.203631588316e-08 9.018537816596e-09 2.071514231008e-08 8.489118047334e-09 7.648865259147e-08  6.031025299639e-08  6.739809287001e-12  2.761991001434e-12   1.962234181943e-11   2.497986607134e-11
168 3 15 30.000000 0.580000 0.957706 0.017140 0.950764 0.017093 3.089177269544e-08 8.949392452994e-09 2.937077534908e-08 8.525124973397e-09 5.168110440025e-08  4.000776046061e-08  1.081090742700e-11  3.137960635892e-12   1.472620962712e-11   1.910948869572e-11
179 3 16 30.000000 0.620000 0.961324 0.015685 0.952428 0.015605 1.638043656271e-08 5.802790193513e-09 1.560118363881e-08 5.532647092048e-09 3.419099653003e-08  2.596921622686e-08  6.563992024611e-12  2.327788213251e-12   1.092620484092e-11   1.445170853659e-11
190 3 17 30.000000 0.660000 0.955859 0.014889 0.948074 0.014829 1.643386404737e-08 5.488988578167e-09 1.558051662955e-08 5.209669423653e-09 2.291959643828e-08  1.713677083394e-08  7.350967524130e-12  2.457948709615e-12   8.085216226390e-12   1.086569178505e-11
201 3 18 30.000000 0.700000 0.957223 0.015189 0.953243 0.015187 3.653905178425e-09 2.585100227888e-09 3.483058167391e-09 2.464852463135e-09 1.549298483198e-08  1.149546356696e-08  1.803800379135e-12  1.276493700031e-12   5.953251580620e-12   8.064653290911e-12
212 3 19 30.000000 0.740000 0.945736 0.016338 0.940162 0.016311 2.130933207667e-09 2.131495288293e-09 2.003422835398e-09 2.004252692190e-09 1.046551297420e-08  7.718864169497e-09  1.111998585014e-12  1.112459196504e-12   4.284350703574e-12   5.842487405948e-12
223 3 20 30.000000 0.780000 0.934973 0.019223 0.931971 0.019242 0.000000000000e+00 0.000000000000e+00 0.000000000000e+00 0.000000000000e+00 6.996603277348e-09  5.183621132421e-09  0.000000000000e+00  0.000000000000e+00   3.038465498940e-12   4.127936440247e-12
234 3 21 30.000000 0.820000 0.927683 0.023796 0.924570 0.023814 4.257544095054e-09 4.260027393651e-09 3.936396179562e-09 3.939996878205e-09 4.618666159343e-09  3.454283020767e-09  2.429021761711e-12  2.431243635466e-12   2.131525447595e-12   2.870882344324e-12
245 3 22 30.000000 0.860000 0.906663 0.030737 0.899582 0.030609 0.000000000000e+00 0.000000000000e+00 0.000000000000e+00 0.000000000000e+00 2.985775814337e-09  2.289983646383e-09  0.000000000000e+00  0.000000000000e+00   1.474208040713e-12   1.935256465639e-12
256 3 23 30.000000 0.900000 0.871776 0.041235 0.872877 0.041386 0.000000000000e+00 0.000000000000e+00 0.000000000000e+00 0.000000000000e+00 1.862579411254e-09  1.496429304236e-09  0.000000000000e+00  0.000000000000e+00   9.907977850798e-13   1.241064438830e-12
267 3 24 30.000000 0.940000 0.833548 0.052406 0.835449 0.052744 0.000000000000e+00 0.000000000000e+00 0.000000000000e+00 0.000000000000e+00 1.153287581043e-09  9.727265206075e-10  0.000000000000e+00  0.000000000000e+00   6.723947133899e-13   8.012243653269e-13
278 3 25 30.000000 0.980000 0.807375 0.074267 0.806676 0.074187 0.000000000000e+00 0.000000000000e+00 0.000000000000e+00 0.000000000000e+00 6.810415093102e-10  6.190394991702e-10  0.000000000000e+00  0.000000000000e+00   4.393579254324e-13   4.852477136708e-13
289 3 26 30.000000 1.020000 0.769228 0.109653 0.783125 0.111330 0.000000000000e+00 0.000000000000e+00 0.000000000000e+00 0.000000000000e+00 3.975885418906e-10  4.000533102800e-10  0.000000000000e+00  0.000000000000e+00   2.862729614768e-13   2.852767610572e-13
300 3 27 30.000000 1.060000 0.749558 0.167334 0.772418 0.171397 0.000000000000e+00 0.000000000000e+00 0.000000000000e+00 0.000000000000e+00 2.099629554094e-10  2.413757521862e-10  0.000000000000e+00  0.000000000000e+00   1.791728996950e-13   1.563275112480e-13
311 3 28 30.000000 1.100000 0.581844 0.173677 0.651755 0.192109 0.000000000000e+00 0.000000000000e+00 0.000000000000e+00 0.000000000000e+00 1.089919751993e-10  1.496565342779e-10  0.000000000000e+00  0.000000000000e+00   1.146917901184e-13   8.350631474073e-14
322 3 29 30.000000 1.140000 0.787027 0.650297 0.882794 0.723823 0.000000000000e+00 0.000000000000e+00 0.000000000000e+00 0.000000000000e+00 3.848778855331e-11  8.368203080428e-11  0.000000000000e+00  0.000000000000e+00   6.459777245490e-14   2.969123369903e-14
125 4 11 40.000000 0.420000 1.055815 0.502385 1.053131 0.503262 1.774944735189e-06 2.083111774855e-06 1.869249544390e-06 2.368676893884e-06 2.293932442951e-07  2.266122558646e-07  4.170792190782e-10  5.285147251285e-10   5.056321291784e-11   5.131532409750e-11
136 4 12 40.000000 0.460000 1.009252 0.075240 0.998994 0.074768 1.564777249996e-07 9.175346772548e-08 1.563203247503e-07 9.240481708736e-08 1.617342994787e-07  1.594689798103e-07  3.726096408831e-11  2.202587908245e-11   3.801148660230e-11   3.865146622780e-11
147 4 13 40.000000 0.500000 0.981531 0.032392 0.976555 0.032359 8.961193032064e-08 3.014847578969e-08 8.751102281351e-08 2.958411426621e-08 1.142011132180e-07  1.132418666142e-07  2.209844083252e-11  7.470633729052e-12   2.859603977513e-11   2.894680416921e-11
158 4 14 40.000000 0.540000 0.965511 0.020635 0.958008 0.020576 3.559013705967e-08 1.190887965067e-08 3.409565031079e-08 1.143228606383e-08 8.081604356302e-08  8.015621135736e-08  9.213866073264e-12  3.089413216736e-12   2.166107962907e-11   2.194784911015e-11
169 4 15 40.000000 0.580000 0.966935 0.015891 0.964566 0.015952 3.327410524889e-08 8.623574070191e-09 3.209505501907e-08 8.334919398471e-09 5.703682398112e-08  5.671309623739e-08  9.269662266386e-12  2.407283233989e-12   1.637982075087e-11   1.659919489367e-11
180 4 16 40.000000 0.620000 0.959860 0.013694 0.958205 0.013780 1.866719756549e-08 5.400906690474e-09 1.788700985587e-08 5.181566788503e-09 3.930206033265e-08  3.935806061128e-08  5.571117881390e-12  1.613859422098e-12   1.225852711075e-11   1.237107545625e-11
191 4 17 40.000000 0.660000 0.952279 0.012691 0.949702 0.012782 6.763511528618e-09 3.027398064486e-09 6.423318174830e-09 2.876424353547e-09 2.675288849933e-08  2.696028903870e-08  2.163500879931e-12  9.688367368038e-13   9.080759736764e-12   9.134037728234e-12
202 4 18 40.000000 0.700000 0.952523 0.012173 0.955195 0.012351 1.215338230054e-08 3.849160684463e-09 1.160884748959e-08 3.679760884281e-09 1.800528465876e-08  1.841601629921e-08  4.217255694744e-12  1.336781498633e-12   6.690160214613e-12   6.655311786000e-12
213 4 19 40.000000 0.740000 0.947126 0.012223 0.954005 0.012481 1.532646187741e-08 4.259419650400e-09 1.462152720223e-08 4.068008968692e-09 1.204134204032e-08  1.256066186835e-08  5.666159807555e-12  1.576441954139e-12   4.867529667070e-12   4.763224072502e-12
224 4 20 40.000000 0.780000 0.942951 0.012628 0.954547 0.012979 1.230112633976e-08 3.896681910155e-09 1.174199788908e-08 3.722989461043e-09 7.961765799000e-09  8.533999682136e-09  4.813497451135e-12  1.526196857691e-12   3.498415355375e-12   3.340433267241e-12
235 4 21 40.000000 0.820000 0.930044 0.013635 0.944501 0.014080 1.362613688549e-09 1.362878708518e-09 1.286990261014e-09 1.287383532185e-09 5.229197081156e-09  5.827061991465e-09  5.501297358561e-13  5.502978413749e-13   2.490803676834e-12   2.294774291688e-12
246 4 22 40.000000 0.860000 0.916713 0.014884 0.934422 0.015433 8.309960719544e-09 3.720924585298e-09 7.765006226683e-09 3.479276607355e-09 3.352831072345e-09  3.903383398686e-09  3.463175328591e-12  1.551749548703e-12   1.740900224640e-12   1.536128313765e-12
257 4 23 40.000000 0.900000 0.901993 0.016755 0.917811 0.017395 4.194873781671e-09 2.968122517833e-09 3.850099771721e-09 2.725151554157e-09 2.098442278790e-09  2.597913189459e-09  1.774176120191e-12  1.255785329720e-12   1.197152234059e-12   9.958174766049e-13
268 4 24 40.000000 0.940000 0.883274 0.018943 0.901726 0.019739 0.000000000000e+00 0.000000000000e+00 0.000000000000e+00 0.000000000000e+00 1.278302202941e-09  1.707507631801e-09  0.000000000000e+00  0.000000000000e+00   8.101043070561e-13   6.244340498252e-13
279 4 25 40.000000 0.980000 0.867357 0.022242 0.885793 0.023069 0.000000000000e+00 0.000000000000e+00 0.000000000000e+00 0.000000000000e+00 7.489617603624e-10  1.096721829598e-09  0.000000000000e+00  0.000000000000e+00   5.349614572664e-13   3.765375239953e-13
290 4 26 40.000000 1.020000 0.853910 0.027211 0.885747 0.028708 0.000000000000e+00 0.000000000000e+00 0.000000000000e+00 0.000000000000e+00 4.250288251721e-10  7.111937706645e-10  0.000000000000e+00  0.000000000000e+00   3.501715683209e-13   2.159213733184e-13
301 4 27 40.000000 1.060000 0.848183 0.033616 0.882303 0.035018 6.583403155958e-09 6.592389698193e-09 5.808558101200e-09 5.821053956611e-09 2.312852767759e-10  4.532115877593e-10  2.898684791860e-12  2.904920684728e-12   2.261693029568e-13   1.192958058149e-13
312 4 28 40.000000 1.100000 0.870318 0.044020 0.905894 0.046543 0.000000000000e+00 0.000000000000e+00 0.000000000000e+00 0.000000000000e+00 1.207710860407e-10  3.001320608216e-10  0.000000000000e+00  0.000000000000e+00   1.483027717043e-13   6.174987962599e-14
323 4 29 40.000000 1.140000 0.761656 0.071195 0.868017 0.064064 0.000000000000e+00 0.000000000000e+00 0.000000000000e+00 0.000000000000e+00 5.295608787517e-11  1.794675527361e-10  0.000000000000e+00  0.000000000000e+00   9.030733559542e-14   2.759683970265e-14
334 4 30 40.000000 1.180000 0.802843 0.078731 0.844541 0.083504 0.000000000000e+00 0.000000000000e+00 0.000000000000e+00 0.000000000000e+00 2.495834118197e-11  1.196399787081e-10  0.000000000000e+00  0.000000000000e+00   6.033053143875e-14   1.297054745273e-14
137 5 12 50.000000 0.460000 1.166140 0.550969 1.157951 0.548148 0.000000000000e+00 0.000000000000e+00 0.000000000000e+00 0.000000000000e+00 1.664497103175e-07  1.958074543778e-07  0.000000000000e+00  0.000000000000e+00   3.976511219597e-11   3.382610116460e-11
148 5 13 50.000000 0.500000 1.033448 0.119553 1.034584 0.120020 1.298782734693e-07 1.315303613593e-07 1.343699267807e-07 1.369690438412e-07 1.200799413406e-07  1.459609833190e-07  2.936541698818e-11  2.993343215431e-11   3.189854487428e-11   2.630660259541e-11
159 5 14 50.000000 0.540000 1.011060 0.049461 1.022994 0.050233 1.225662202842e-07 5.546026115096e-08 1.253844719952e-07 5.706858560695e-08 8.641378458200e-08  1.089764111737e-07  2.823952310069e-11  1.285318361936e-11   2.454404306848e-11   1.955856328550e-11
170 5 15 50.000000 0.580000 0.994198 0.031467 1.003579 0.031925 7.201406759805e-08 2.565422485933e-08 7.227177747998e-08 2.584847457841e-08 6.337894845271e-08  8.249529124290e-08  1.666952569871e-11  5.961965047513e-12   1.902758483804e-11   1.471703272537e-11
181 5 16 50.000000 0.620000 0.986182 0.023745 0.999497 0.024223 5.206929643009e-08 1.655732615323e-08 5.204310031847e-08 1.659699126839e-08 4.598528764221e-08  6.240169919349e-08  1.218784733157e-11  3.886809096782e-12   1.461370245714e-11   1.087360316467e-11
192 5 17 50.000000 0.660000 0.973984 0.020050 0.989434 0.020515 4.276980192230e-08 1.240578118968e-08 4.231791689668e-08 1.230602847877e-08 3.265045197918e-08  4.605512698926e-08  1.019292747655e-11  2.964098070203e-12   1.109309256575e-11   7.960022195282e-12
203 5 18 50.000000 0.700000 0.971617 0.018392 0.989419 0.018918 4.058810176844e-08 1.089902662273e-08 4.015864569234e-08 1.081100741188e-08 2.299418035965e-08  3.416603237336e-08  9.856299832923e-12  2.653389543158e-12   8.385508359844e-12   5.736293621551e-12
214 5 19 50.000000 0.740000 0.965530 0.018054 0.987757 0.018693 2.919532882117e-08 8.833763294501e-09 2.883789920989e-08 8.742664155883e-09 1.602846523213e-08  2.524744542611e-08  7.185820570416e-12  2.178494885301e-12   6.291152187368e-12   4.076119340625e-12
225 5 20 50.000000 0.780000 0.955490 0.018176 0.980484 0.018917 2.490623884910e-08 8.327495210750e-09 2.442017561507e-08 8.178561050715e-09 1.085511063609e-08  1.817342172080e-08  6.231051868922e-12  2.086841590472e-12   4.637130181333e-12   2.835623224236e-12
236 5 21 50.000000 0.820000 0.952617 0.019306 0.987846 0.020343 1.475320932087e-08 6.610517047782e-09 1.457389808969e-08 6.537065437770e-09 7.278867427454e-09  1.318631527738e-08  3.765916955357e-12  1.689187437629e-12   3.407363491646e-12   1.933765291461e-12
247 5 22 50.000000 0.860000 0.945353 0.021066 0.985931 0.022393 1.765301860246e-08 7.913409570036e-09 1.740466606871e-08 7.812087163261e-09 4.759434082087e-09  9.423493911907e-09  4.578214503052e-12  2.054932315779e-12   2.478805185149e-12   1.293085247164e-12
258 5 23 50.000000 0.900000 0.939287 0.023433 0.996845 0.025401 2.110701124991e-08 9.466758364452e-09 2.104041379822e-08 9.452106285527e-09 3.060550582150e-09  6.794538436710e-09  5.563390406320e-12  2.499273917934e-12   1.796574455079e-12   8.388496297001e-13
269 5 24 50.000000 0.940000 0.922915 0.026704 0.981476 0.028971 0.000000000000e+00 0.000000000000e+00 0.000000000000e+00 0.000000000000e+00 1.881133563081e-09  4.707987267309e-09  0.000000000000e+00  0.000000000000e+00   1.265003190632e-12   5.249844399230e-13
280 5 25 50.000000 0.980000 0.901643 0.030309 0.978541 0.033584 6.742974179019e-09 6.749942981958e-09 6.598273943312e-09 6.608974116551e-09 1.105507015540e-09  3.209390260304e-09  1.798003385290e-12  1.800919139906e-12   8.745460710361e-13   3.139454827402e-13
291 5 26 50.000000 1.020000 0.902320 0.036584 0.983835 0.040713 9.350588747736e-09 9.364685904486e-09 9.199437836571e-09 9.221168888067e-09 6.341261582832e-10  2.137624951663e-09  2.540360909145e-12  2.546361788190e-12   5.902902940472e-13   1.823010735004e-13
302 5 27 50.000000 1.060000 0.891723 0.044611 0.985825 0.050135 1.262128801471e-08 1.264997838305e-08 1.244238709005e-08 1.248671384064e-08 3.456284151966e-10  1.429274219033e-09  3.464214034417e-12  3.476555504781e-12   3.979390588616e-13   1.000655152881e-13
313 5 28 50.000000 1.100000 0.891966 0.055457 1.012973 0.063671 1.881173794516e-08 1.887954078756e-08 1.905577678200e-08 1.916193069056e-08 1.826154720548e-10  9.520458439490e-10  5.314309273408e-12  5.343913666191e-12   2.655082558474e-13   5.279615895338e-14
324 5 29 50.000000 1.140000 0.833256 0.074677 0.979427 0.085941 2.972335089169e-08 2.992179469465e-08 2.911185153287e-08 2.941733091559e-08 7.893993810040e-11  5.632004579576e-10  8.252759335260e-12  8.339358012251e-12   1.596586129805e-13   2.309092708209e-14
335 5 30 50.000000 1.180000 0.819422 0.099897 0.913349 0.111331 0.000000000000e+00 0.000000000000e+00 0.000000000000e+00 0.000000000000e+00 3.937602168343e-11  3.547998248492e-10  0.000000000000e+00  0.000000000000e+00   1.022595647297e-13   1.160620694307e-14
