                                            
# averaged kinematics results                                                                              
# averaged kinematic varibles used as input to calculate the averaged                                
# kinematics: Ei, omega, th_e, pf                                                                     
#                                                                                                  
# variables with _mc attached are from histograms not calculated                                                                
#\ xb = th_nq                                                                                                    
#\ yb = pm                                                                        
# current header line:  
#! i_b[i,0]/ i_x[i,1]/ i_y[i,2]/ xb[f,3]/ yb[f,4]/ bc_fact_pwia[f,5]/  bc_fact_pwia_err[f,6]/  bc_fact_fsi[f,7]/  bc_fact_fsi_err[f,8]/  dataXsec[f,9]/  dataXsec_err[f,10]/  dataXsec_bc[f,11]/  dataXsec_bc_err[f,12]/  pwiaXsec_theory[f,13]/   fsiXsec_theory[f,14]/   red_dataXsec[f,15]/   red_dataXsec_err[f,16]/   red_pwiaXsec[f,17]/   red_fsiXsec[f,18]/
156 2 14 20.000000 0.540000 0.917022 0.337196 0.900581 0.331577 0.000000000000e+00 0.000000000000e+00 0.000000000000e+00 0.000000000000e+00 9.681379290845e-08  6.751210236582e-08  0.000000000000e+00  0.000000000000e+00   1.800037762177e-11   2.582207320899e-11
167 2 15 20.000000 0.580000 0.900344 0.151346 0.882647 0.148612 0.000000000000e+00 0.000000000000e+00 0.000000000000e+00 0.000000000000e+00 6.744930243151e-08  4.603463148492e-08  0.000000000000e+00  0.000000000000e+00   1.402802978959e-11   2.056558060139e-11
178 2 16 20.000000 0.620000 0.911856 0.094938 0.899816 0.093804 1.819244914714e-07 1.836974739325e-07 1.636985683776e-07 1.661725157753e-07 4.563313096410e-08  3.059305925164e-08  5.707059609396e-11  5.793309387934e-11   1.066572631107e-11   1.591670639737e-11
189 2 17 20.000000 0.660000 0.943035 0.072604 0.932125 0.071840 0.000000000000e+00 0.000000000000e+00 0.000000000000e+00 0.000000000000e+00 3.034440958247e-08  1.997359870497e-08  0.000000000000e+00  0.000000000000e+00   8.041654251845e-12   1.222314860826e-11
200 2 18 20.000000 0.700000 0.941221 0.057885 0.931429 0.057332 0.000000000000e+00 0.000000000000e+00 0.000000000000e+00 0.000000000000e+00 1.987052300394e-08  1.288512267802e-08  0.000000000000e+00  0.000000000000e+00   5.966623485373e-12   9.204671892731e-12
211 2 19 20.000000 0.740000 0.922937 0.046311 0.910484 0.045726 4.386554408597e-08 4.396691978909e-08 3.993886945768e-08 4.008139081701e-08 1.277206988812e-08  8.165874704235e-09  2.114178411043e-11  2.121722830430e-11   4.322635127485e-12   6.762710006079e-12
222 2 20 20.000000 0.780000 0.936338 0.040825 0.925543 0.040378 0.000000000000e+00 0.000000000000e+00 0.000000000000e+00 0.000000000000e+00 8.274638195138e-09  5.249772526122e-09  0.000000000000e+00  0.000000000000e+00   3.118989977546e-12   4.916705326072e-12
233 2 21 20.000000 0.820000 0.925049 0.037927 0.915066 0.037514 0.000000000000e+00 0.000000000000e+00 0.000000000000e+00 0.000000000000e+00 5.311695630913e-09  3.373468624982e-09  0.000000000000e+00  0.000000000000e+00   2.220010340075e-12   3.494655594607e-12
244 2 22 20.000000 0.860000 0.914371 0.045608 0.909867 0.045346 0.000000000000e+00 0.000000000000e+00 0.000000000000e+00 0.000000000000e+00 3.436459774919e-09  2.222792897972e-09  0.000000000000e+00  0.000000000000e+00   1.569135287824e-12   2.425303904560e-12
255 2 23 20.000000 0.900000 0.903084 0.069559 0.904649 0.069523 0.000000000000e+00 0.000000000000e+00 0.000000000000e+00 0.000000000000e+00 2.191560581118e-09  1.481011427849e-09  0.000000000000e+00  0.000000000000e+00   1.104736829672e-12   1.634373116819e-12
266 2 24 20.000000 0.940000 0.886512 0.155932 0.902542 0.158260 0.000000000000e+00 0.000000000000e+00 0.000000000000e+00 0.000000000000e+00 1.368974527686e-09  1.004807607380e-09  0.000000000000e+00  0.000000000000e+00   7.788261814285e-13   1.060976846202e-12
146 3 13 30.000000 0.500000 1.309599 1.309661 1.318158 1.318398 0.000000000000e+00 0.000000000000e+00 0.000000000000e+00 0.000000000000e+00 1.425162542102e-07  1.152640530934e-07  0.000000000000e+00  0.000000000000e+00   2.405284794506e-11   2.973833712526e-11
157 3 14 30.000000 0.540000 0.980334 0.139617 0.955836 0.136685 0.000000000000e+00 0.000000000000e+00 0.000000000000e+00 0.000000000000e+00 1.003361873614e-07  7.853803826156e-08  0.000000000000e+00  0.000000000000e+00   1.862463059730e-11   2.384975648085e-11
168 3 15 30.000000 0.580000 0.964361 0.048116 0.948767 0.047514 0.000000000000e+00 0.000000000000e+00 0.000000000000e+00 0.000000000000e+00 7.072443205941e-08  5.432637948837e-08  0.000000000000e+00  0.000000000000e+00   1.415337961524e-11   1.848507765817e-11
179 3 16 30.000000 0.620000 0.953340 0.027426 0.942315 0.027211 0.000000000000e+00 0.000000000000e+00 0.000000000000e+00 0.000000000000e+00 4.987084505853e-08  3.820919317123e-08  0.000000000000e+00  0.000000000000e+00   1.070884822547e-11   1.404199394579e-11
190 3 17 30.000000 0.660000 0.946858 0.021037 0.933061 0.020834 0.000000000000e+00 0.000000000000e+00 0.000000000000e+00 0.000000000000e+00 3.388954162951e-08  2.560084785237e-08  0.000000000000e+00  0.000000000000e+00   7.950167080355e-12   1.058602005281e-11
201 3 18 30.000000 0.700000 0.952881 0.017878 0.942966 0.017787 5.589770424308e-09 5.591577704029e-09 5.270962785939e-09 5.273604354804e-09 2.245403736255e-08  1.686381591945e-08  1.821228405914e-12  1.822141123466e-12   5.826802774349e-12   7.815810343622e-12
212 3 19 30.000000 0.740000 0.950639 0.015875 0.942040 0.015826 4.236764716836e-09 4.237848681773e-09 3.991201987781e-09 3.992786157780e-09 1.450304616573e-08  1.081213635070e-08  1.547347710987e-12  1.547961877302e-12   4.191753382652e-12   5.672894524252e-12
223 3 20 30.000000 0.780000 0.945437 0.014570 0.936391 0.014519 1.742289335027e-08 7.800329633069e-09 1.631463337128e-08 7.308534372950e-09 9.214711434940e-09  6.839737504755e-09  7.087268163513e-12  3.174913085974e-12   2.971262225823e-12   4.043520310708e-12
234 3 21 30.000000 0.820000 0.948635 0.013849 0.943359 0.013854 3.097623935133e-09 3.098232344530e-09 2.922171092260e-09 2.923060090078e-09 5.802572540672e-09  4.328324767473e-09  1.400922583938e-12  1.401348779763e-12   2.075048902315e-12   2.811715469438e-12
245 3 22 30.000000 0.860000 0.943682 0.014015 0.935032 0.013966 0.000000000000e+00 0.000000000000e+00 0.000000000000e+00 0.000000000000e+00 3.649505409091e-09  2.752176283457e-09  0.000000000000e+00  0.000000000000e+00   1.430059871902e-12   1.916878870108e-12
256 3 23 30.000000 0.900000 0.932015 0.014800 0.923501 0.014740 3.258248559845e-09 3.258988343410e-09 3.008994722916e-09 3.010061103749e-09 2.257308167324e-09  1.755286070756e-09  1.670392296369e-12  1.670984279570e-12   9.744172391480e-13   1.266557900893e-12
267 3 24 30.000000 0.940000 0.926091 0.016879 0.919447 0.016811 0.000000000000e+00 0.000000000000e+00 0.000000000000e+00 0.000000000000e+00 1.357480007188e-09  1.112664946635e-09  0.000000000000e+00  0.000000000000e+00   6.486114606894e-13   7.993038253717e-13
278 3 25 30.000000 0.980000 0.905528 0.019633 0.898084 0.019492 0.000000000000e+00 0.000000000000e+00 0.000000000000e+00 0.000000000000e+00 7.936851799913e-10  7.024828252148e-10  0.000000000000e+00  0.000000000000e+00   4.265256083446e-13   4.859374621592e-13
289 3 26 30.000000 1.020000 0.879394 0.024398 0.882999 0.024454 7.811765456722e-09 7.817031664971e-09 6.897782645718e-09 6.905075673589e-09 4.405979410898e-10  4.400870845338e-10  4.308997237490e-12  4.313553141693e-12   2.749193659630e-13   2.771327767615e-13
300 3 27 30.000000 1.060000 0.845004 0.031275 0.837806 0.030655 0.000000000000e+00 0.000000000000e+00 0.000000000000e+00 0.000000000000e+00 2.336582741940e-10  2.673448814521e-10  0.000000000000e+00  0.000000000000e+00   1.723498909899e-13   1.513282078235e-13
311 3 28 30.000000 1.100000 0.784142 0.037750 0.795402 0.037367 0.000000000000e+00 0.000000000000e+00 0.000000000000e+00 0.000000000000e+00 1.139966790993e-10  1.614771955777e-10  0.000000000000e+00  0.000000000000e+00   1.076903952322e-13   7.622282001894e-14
322 3 29 30.000000 1.140000 0.707646 0.050102 0.776107 0.050175 3.427018668845e-08 3.441815608259e-08 2.659733791917e-08 2.676746470676e-08 5.037142111675e-11  9.960805518387e-11  1.823616646902e-11  1.835281199305e-11   6.829514598448e-14   3.461532085987e-14
333 3 30 30.000000 1.180000 0.676949 0.067752 0.785953 0.075851 0.000000000000e+00 0.000000000000e+00 0.000000000000e+00 0.000000000000e+00 2.311746977410e-11  6.781681563547e-11  0.000000000000e+00  0.000000000000e+00   4.761431994337e-14   1.626233684811e-14
158 4 14 40.000000 0.540000 1.020942 0.419224 0.992859 0.408741 0.000000000000e+00 0.000000000000e+00 0.000000000000e+00 0.000000000000e+00 1.040805780565e-07  9.773421867543e-08  0.000000000000e+00  0.000000000000e+00   2.029902167737e-11   2.169257206723e-11
169 4 15 40.000000 0.580000 1.004375 0.086290 1.004198 0.086601 0.000000000000e+00 0.000000000000e+00 0.000000000000e+00 0.000000000000e+00 7.220581090772e-08  6.832274483438e-08  0.000000000000e+00  0.000000000000e+00   1.530787736087e-11   1.624178172155e-11
180 4 16 40.000000 0.620000 0.978380 0.036365 0.975006 0.036411 5.046763007499e-08 3.577937962381e-08 4.920622551276e-08 3.493346071183e-08 5.170591072209e-08  4.987198323694e-08  1.158871047779e-11  8.227287461252e-12   1.174550514012e-11   1.224892647811e-11
191 4 17 40.000000 0.660000 0.969311 0.022308 0.963418 0.022306 8.942758533692e-09 8.947148540777e-09 8.615612292438e-09 8.622149533040e-09 3.623094547049e-08  3.555321716105e-08  2.139477587708e-12  2.141100952279e-12   8.828776029507e-12   9.065614413745e-12
202 4 18 40.000000 0.700000 0.965739 0.016617 0.962669 0.016689 1.889450551573e-08 9.458003360654e-09 1.818916269170e-08 9.110389406441e-09 2.486103957824e-08  2.504907253701e-08  4.758917961763e-12  2.383594919668e-12   6.553709109230e-12   6.576336791501e-12
213 4 19 40.000000 0.740000 0.955861 0.013577 0.954101 0.013688 3.155665062593e-09 3.156256862270e-09 3.010821782697e-09 3.011696177877e-09 1.668411325807e-08  1.728032084227e-08  8.336180022224e-13  8.338600994355e-13   4.784470014492e-12   4.687805775540e-12
224 4 20 40.000000 0.780000 0.950891 0.012080 0.957712 0.012312 1.206309097057e-08 5.399047958293e-09 1.155296410500e-08 5.172864420434e-09 1.098496311409e-08  1.183697045093e-08  3.384149888980e-12  1.515260360460e-12   3.467342395709e-12   3.280365173403e-12
235 4 21 40.000000 0.820000 0.944726 0.011048 0.954294 0.011333 9.822779034607e-09 4.395973001574e-09 9.373823655401e-09 4.196529346176e-09 7.077529900422e-09  7.957354407650e-09  2.910214217746e-12  1.302862078208e-12   2.470454617465e-12   2.253877491296e-12
246 4 22 40.000000 0.860000 0.941689 0.010782 0.959635 0.011199 5.270058167639e-09 3.043809535444e-09 5.057332603870e-09 2.921542604883e-09 4.463694906107e-09  5.288396364531e-09  1.651865614012e-12  9.542571444054e-13   1.727337470577e-12   1.504900268984e-12
257 4 23 40.000000 0.900000 0.929438 0.010446 0.955759 0.010992 1.016768269579e-08 4.154064528724e-09 9.717849528642e-09 3.971855516991e-09 2.733537723999e-09  3.445548644095e-09  3.348052882409e-12  1.368407925332e-12   1.187081466464e-12   9.785774944379e-13
268 4 24 40.000000 0.940000 0.918397 0.010485 0.948192 0.011115 3.273920246016e-09 2.315610415561e-09 3.104305547922e-09 2.195945191337e-09 1.626843753770e-09  2.197245210622e-09  1.121242650346e-12  7.931524034404e-13   7.936219567903e-13   6.139434637840e-13
279 4 25 40.000000 0.980000 0.916688 0.010863 0.957988 0.011702 0.000000000000e+00 0.000000000000e+00 0.000000000000e+00 0.000000000000e+00 9.494417195954e-10  1.413059500485e-09  0.000000000000e+00  0.000000000000e+00   5.253514695315e-13   3.712064456605e-13
290 4 26 40.000000 1.020000 0.899735 0.011369 0.951405 0.012449 3.612324661617e-09 2.555150718916e-09 3.436783023621e-09 2.431398561898e-09 5.284709541088e-10  8.925759426992e-10  1.319351318242e-12  9.333929071937e-13   3.426521949560e-13   2.148049290499e-13
301 4 27 40.000000 1.060000 0.901677 0.012463 0.951447 0.013665 0.000000000000e+00 0.000000000000e+00 0.000000000000e+00 0.000000000000e+00 2.855452595081e-10  5.610263168771e-10  0.000000000000e+00  0.000000000000e+00   2.196386310566e-13   1.192042153435e-13
312 4 28 40.000000 1.100000 0.894614 0.013718 0.943915 0.015051 0.000000000000e+00 0.000000000000e+00 0.000000000000e+00 0.000000000000e+00 1.435429282186e-10  3.448280353274e-10  0.000000000000e+00  0.000000000000e+00   1.370007019656e-13   6.125409279424e-14
323 4 29 40.000000 1.140000 0.843486 0.014671 0.927427 0.016600 7.956155734234e-09 4.598033177463e-09 7.378755234613e-09 4.266385871508e-09 6.304320148116e-11  2.086261414942e-10  2.964928049446e-12  1.714317217199e-12   8.383006063982e-14   2.739413053138e-14
334 4 30 40.000000 1.180000 0.826921 0.018184 0.951010 0.021726 3.669296644304e-09 3.671144259984e-09 3.489537339267e-09 3.492204421331e-09 2.876820457027e-11  1.423518606748e-10  1.394794650673e-12  1.395860703686e-12   5.689912285743e-14   1.251014871217e-14
181 5 16 50.000000 0.620000 1.124928 0.412106 1.129391 0.414958 0.000000000000e+00 0.000000000000e+00 0.000000000000e+00 0.000000000000e+00 5.414360633482e-08  6.817581219370e-08  0.000000000000e+00  0.000000000000e+00   1.332401787870e-11   1.059694912560e-11
192 5 17 50.000000 0.660000 1.031122 0.126344 1.038028 0.127630 2.422345346531e-07 2.454185094423e-07 2.514461095546e-07 2.566203085128e-07 3.892822869251e-08  5.138696628193e-08  5.063526808258e-11  5.167722873104e-11   1.034811323287e-11   7.865611995694e-12
203 5 18 50.000000 0.700000 0.984642 0.060194 0.991381 0.060908 7.063897555781e-08 7.089239693545e-08 7.003014414251e-08 7.041295095234e-08 2.726866354446e-08  3.761634213440e-08  1.454610203228e-11  1.462561560436e-11   7.813366050689e-12   5.698406425559e-12
214 5 19 50.000000 0.740000 0.998847 0.040199 1.013923 0.041022 0.000000000000e+00 0.000000000000e+00 0.000000000000e+00 0.000000000000e+00 1.912796022757e-08  2.760144682982e-08  0.000000000000e+00  0.000000000000e+00   5.860426891265e-12   4.087058999887e-12
225 5 20 50.000000 0.780000 0.981050 0.032724 0.996564 0.033422 0.000000000000e+00 0.000000000000e+00 0.000000000000e+00 0.000000000000e+00 1.296700935055e-08  1.969666232238e-08  0.000000000000e+00  0.000000000000e+00   4.286540393105e-12   2.843846223512e-12
236 5 21 50.000000 0.820000 0.974129 0.027725 0.989444 0.028334 1.272867322655e-08 1.273811527970e-08 1.259430739376e-08 1.260880866573e-08 8.744069018616e-09  1.418938521338e-08  2.771035831535e-12  2.774226443212e-12   3.121989453203e-12   1.939947477773e-12
247 5 22 50.000000 0.860000 0.962241 0.024306 0.983344 0.024992 0.000000000000e+00 0.000000000000e+00 0.000000000000e+00 0.000000000000e+00 5.754577926698e-09  1.012171878362e-08  0.000000000000e+00  0.000000000000e+00   2.254400080925e-12   1.295313348598e-12
258 5 23 50.000000 0.900000 0.954276 0.023910 0.975931 0.024625 0.000000000000e+00 0.000000000000e+00 0.000000000000e+00 0.000000000000e+00 3.653345217324e-09  7.037416606843e-09  0.000000000000e+00  0.000000000000e+00   1.588297672547e-12   8.351181586268e-13
269 5 24 50.000000 0.940000 0.939207 0.023604 0.967399 0.024521 0.000000000000e+00 0.000000000000e+00 0.000000000000e+00 0.000000000000e+00 2.236909881735e-09  4.844579162197e-09  0.000000000000e+00  0.000000000000e+00   1.105666209189e-12   5.187115773566e-13
280 5 25 50.000000 0.980000 0.929121 0.024257 0.963698 0.025379 0.000000000000e+00 0.000000000000e+00 0.000000000000e+00 0.000000000000e+00 1.349888197429e-09  3.358606888533e-09  0.000000000000e+00  0.000000000000e+00   7.741729995511e-13   3.161313060106e-13
291 5 26 50.000000 1.020000 0.937964 0.026548 0.984572 0.028067 1.097592328136e-08 1.098404355039e-08 1.080658577637e-08 1.081896768633e-08 7.829015910608e-10  2.302493402280e-09  2.512909225169e-12  2.515788452375e-12   5.354102610403e-13   1.851099993142e-13
302 5 27 50.000000 1.060000 0.934244 0.029856 0.975213 0.031330 0.000000000000e+00 0.000000000000e+00 0.000000000000e+00 0.000000000000e+00 4.275184787551e-10  1.534368396662e-09  0.000000000000e+00  0.000000000000e+00   3.603134435482e-13   1.021033534396e-13
313 5 28 50.000000 1.100000 0.905828 0.034041 0.971873 0.036613 1.750186662264e-08 1.752509410034e-08 1.700959791630e-08 1.704422207549e-08 2.126406771815e-10  9.867437339237e-10  4.034081044886e-12  4.042292683101e-12   2.340210634472e-13   5.124544388244e-14
324 5 29 50.000000 1.140000 0.829693 0.037685 0.929130 0.041907 0.000000000000e+00 0.000000000000e+00 0.000000000000e+00 0.000000000000e+00 9.253419847845e-11  6.097369020193e-10  0.000000000000e+00  0.000000000000e+00   1.452743501050e-13   2.234289740908e-14
335 5 30 50.000000 1.180000 0.894205 0.053952 0.975107 0.058243 0.000000000000e+00 0.000000000000e+00 0.000000000000e+00 0.000000000000e+00 4.668756446141e-11  4.157809320070e-10  0.000000000000e+00  0.000000000000e+00   9.932287419095e-14   1.127288233020e-14
