                                            
# averaged kinematics results                                                                              
# averaged kinematic varibles used as input to calculate the averaged                                
# kinematics: Ei, omega, th_e, pf                                                                     
#                                                                                                  
# variables with _mc attached are from histograms not calculated                                                                
#\ xb = th_nq                                                                                                    
#\ yb = pm                                                                        
# current header line:  
#! i_b[i,0]/ i_x[i,1]/ i_y[i,2]/ xb[f,3]/ yb[f,4]/ bc_fact_pwia[f,5]/  bc_fact_pwia_err[f,6]/  bc_fact_fsi[f,7]/  bc_fact_fsi_err[f,8]/  dataXsec[f,9]/  dataXsec_err[f,10]/  dataXsec_bc[f,11]/  dataXsec_bc_err[f,12]/  pwiaXsec_theory[f,13]/   fsiXsec_theory[f,14]/   red_dataXsec[f,15]/   red_dataXsec_err[f,16]/   red_pwiaXsec[f,17]/   red_fsiXsec[f,18]/
156 2 14 20.000000 0.540000 0.920817 0.362897 0.899406 0.354887 0.000000000000e+00 0.000000000000e+00 0.000000000000e+00 0.000000000000e+00 9.913283166251e-08  6.928905559403e-08  0.000000000000e+00  0.000000000000e+00   1.847341717860e-11   2.644002230530e-11
167 2 15 20.000000 0.580000 0.920855 0.141774 0.903769 0.139415 0.000000000000e+00 0.000000000000e+00 0.000000000000e+00 0.000000000000e+00 6.884730138902e-08  4.704075021621e-08  0.000000000000e+00  0.000000000000e+00   1.414860439225e-11   2.071678160843e-11
178 2 16 20.000000 0.620000 0.903638 0.097984 0.890719 0.096725 0.000000000000e+00 0.000000000000e+00 0.000000000000e+00 0.000000000000e+00 4.594327655456e-08  3.079165686060e-08  0.000000000000e+00  0.000000000000e+00   1.070856307453e-11   1.598768360873e-11
189 2 17 20.000000 0.660000 0.941969 0.069907 0.930105 0.069132 0.000000000000e+00 0.000000000000e+00 0.000000000000e+00 0.000000000000e+00 3.044071236866e-08  2.003602337508e-08  0.000000000000e+00  0.000000000000e+00   8.038278042440e-12   1.221880652614e-11
200 2 18 20.000000 0.700000 0.945819 0.057225 0.936016 0.056689 0.000000000000e+00 0.000000000000e+00 0.000000000000e+00 0.000000000000e+00 1.985391841584e-08  1.287458655471e-08  0.000000000000e+00  0.000000000000e+00   5.955333081261e-12   9.186848506842e-12
211 2 19 20.000000 0.740000 0.924612 0.046513 0.914030 0.046022 0.000000000000e+00 0.000000000000e+00 0.000000000000e+00 0.000000000000e+00 1.285742631510e-08  8.232110118728e-09  0.000000000000e+00  0.000000000000e+00   4.326863851238e-12   6.759785936018e-12
222 2 20 20.000000 0.780000 0.924569 0.039830 0.913448 0.039375 0.000000000000e+00 0.000000000000e+00 0.000000000000e+00 0.000000000000e+00 8.215426041796e-09  5.210747104177e-09  0.000000000000e+00  0.000000000000e+00   3.111049531749e-12   4.905338959216e-12
233 2 21 20.000000 0.820000 0.921491 0.037958 0.912127 0.037571 0.000000000000e+00 0.000000000000e+00 0.000000000000e+00 0.000000000000e+00 5.323812904939e-09  3.382077152458e-09  0.000000000000e+00  0.000000000000e+00   2.217057285052e-12   3.489331623778e-12
244 2 22 20.000000 0.860000 0.906695 0.045112 0.903044 0.044887 0.000000000000e+00 0.000000000000e+00 0.000000000000e+00 0.000000000000e+00 3.437535372807e-09  2.224463938158e-09  0.000000000000e+00  0.000000000000e+00   1.567316521877e-12   2.421553514117e-12
255 2 23 20.000000 0.900000 0.897298 0.069617 0.901908 0.069828 0.000000000000e+00 0.000000000000e+00 0.000000000000e+00 0.000000000000e+00 2.215993841494e-09  1.500055431977e-09  0.000000000000e+00  0.000000000000e+00   1.115910792383e-12   1.648251470027e-12
266 2 24 20.000000 0.940000 0.836346 0.157796 0.859522 0.161351 0.000000000000e+00 0.000000000000e+00 0.000000000000e+00 0.000000000000e+00 1.340843952046e-09  9.887081402778e-10  0.000000000000e+00  0.000000000000e+00   7.724880885382e-13   1.047171275892e-12
277 2 25 20.000000 0.980000 0.732452 0.606231 0.795130 0.655775 0.000000000000e+00 0.000000000000e+00 0.000000000000e+00 0.000000000000e+00 9.634323169735e-10  7.814027178092e-10  0.000000000000e+00  0.000000000000e+00   6.323525044182e-13   7.798132595194e-13
146 3 13 30.000000 0.500000 1.138303 1.609804 1.051107 1.486490 0.000000000000e+00 0.000000000000e+00 0.000000000000e+00 0.000000000000e+00 1.371586073823e-07  1.106145245856e-07  0.000000000000e+00  0.000000000000e+00   2.381888935627e-11   2.966404828620e-11
157 3 14 30.000000 0.540000 0.985805 0.147051 0.967425 0.144735 0.000000000000e+00 0.000000000000e+00 0.000000000000e+00 0.000000000000e+00 1.011746577165e-07  7.902353310175e-08  0.000000000000e+00  0.000000000000e+00   1.871534013534e-11   2.401652214237e-11
168 3 15 30.000000 0.580000 0.966915 0.048598 0.952999 0.048057 1.606847632729e-08 1.141295704747e-08 1.531323871622e-08 1.090391221341e-08 7.123272425550e-08  5.482304711207e-08  3.965361238682e-12  2.823566695610e-12   1.419642115122e-11   1.850387709017e-11
179 3 16 30.000000 0.620000 0.950078 0.027574 0.935329 0.027262 2.746556759803e-08 9.221748801112e-09 2.568935413451e-08 8.657811617526e-09 4.977558363320e-08  3.799488131199e-08  7.240038796115e-12  2.440033784896e-12   1.070810941031e-11   1.409198107859e-11
190 3 17 30.000000 0.660000 0.950623 0.021061 0.938153 0.020884 1.011192907185e-08 4.139736873167e-09 9.486535608326e-09 3.889443421136e-09 3.388587792647e-08  2.563926349325e-08  2.944538646943e-12  1.207249615822e-12   7.958205750976e-12   1.058079101495e-11
201 3 18 30.000000 0.700000 0.951076 0.018135 0.941616 0.018049 3.407178983394e-09 1.969156853824e-09 3.208253505776e-09 1.855208670107e-09 2.247319913258e-08  1.689300168559e-08  1.108833821673e-12  6.411956274567e-13   5.838544736206e-12   7.823438768832e-12
212 3 19 30.000000 0.740000 0.951258 0.016017 0.943930 0.015988 9.325304084484e-09 2.819970984584e-09 8.802431006809e-09 2.666026400089e-09 1.450419688038e-08  1.081578473928e-08  3.410543829670e-12  1.032964630058e-12   4.190627325231e-12   5.668774211515e-12
223 3 20 30.000000 0.780000 0.948226 0.014603 0.939660 0.014559 7.625294173863e-09 2.304801258299e-09 7.165181305874e-09 2.168572316176e-09 9.194913114131e-09  6.822454209248e-09  3.117176317735e-12  9.434265482913e-13   2.968074607193e-12   4.040127630754e-12
234 3 21 30.000000 0.820000 0.944145 0.013766 0.938335 0.013764 1.250534675812e-09 8.847316718740e-10 1.173420356432e-09 8.303530287251e-10 5.793747969725e-09  4.317912386803e-09  5.630330774273e-13  3.984217749005e-13   2.071830001820e-12   2.810072970669e-12
245 3 22 30.000000 0.860000 0.947044 0.014135 0.938859 0.014096 4.191404112674e-09 1.586471786614e-09 3.935136506634e-09 1.490644301823e-09 3.643585761393e-09  2.752587961060e-09  2.042677918710e-12  7.737739707001e-13   1.428832427512e-12   1.912355427512e-12
256 3 23 30.000000 0.900000 0.937627 0.014986 0.929701 0.014935 1.300349161681e-09 9.199690571835e-10 1.208935956428e-09 8.555166307338e-10 2.256026743526e-09  1.754415931085e-09  6.710462443788e-13  4.748731469233e-13   9.738267898920e-13   1.265742868187e-12
267 3 24 30.000000 0.940000 0.925431 0.016796 0.916534 0.016690 2.448569791369e-09 1.414926486308e-09 2.244198087828e-09 1.297472342413e-09 1.358983154403e-09  1.111754758572e-09  1.308845862670e-12  7.567029472607e-13   6.483900079736e-13   8.006579045741e-13
278 3 25 30.000000 0.980000 0.901506 0.019391 0.893809 0.019247 0.000000000000e+00 0.000000000000e+00 0.000000000000e+00 0.000000000000e+00 7.952248274777e-10  7.045828050922e-10  0.000000000000e+00  0.000000000000e+00   4.268985986885e-13   4.859318597254e-13
289 3 26 30.000000 1.020000 0.880893 0.024407 0.878656 0.024318 0.000000000000e+00 0.000000000000e+00 0.000000000000e+00 0.000000000000e+00 4.398681398872e-10  4.374808936741e-10  0.000000000000e+00  0.000000000000e+00   2.743800535274e-13   2.777867162087e-13
300 3 27 30.000000 1.060000 0.841156 0.031749 0.837485 0.031016 0.000000000000e+00 0.000000000000e+00 0.000000000000e+00 0.000000000000e+00 2.337742322829e-10  2.671258601717e-10  0.000000000000e+00  0.000000000000e+00   1.724444967116e-13   1.515702644296e-13
311 3 28 30.000000 1.100000 0.824390 0.038997 0.816989 0.038142 0.000000000000e+00 0.000000000000e+00 0.000000000000e+00 0.000000000000e+00 1.157461382329e-10  1.607825035592e-10  0.000000000000e+00  0.000000000000e+00   1.080049665142e-13   7.794683662708e-14
322 3 29 30.000000 1.140000 0.731762 0.047172 0.789296 0.048832 0.000000000000e+00 0.000000000000e+00 0.000000000000e+00 0.000000000000e+00 4.974869964316e-11  9.923172973660e-11  0.000000000000e+00  0.000000000000e+00   6.814411076341e-14   3.423322310752e-14
333 3 30 30.000000 1.180000 0.626182 0.106291 0.770412 0.086341 0.000000000000e+00 0.000000000000e+00 0.000000000000e+00 0.000000000000e+00 2.303254748172e-11  6.782067179346e-11  0.000000000000e+00  0.000000000000e+00   4.771468015042e-14   1.619696480800e-14
158 4 14 40.000000 0.540000 1.007349 0.453647 0.969173 0.437892 0.000000000000e+00 0.000000000000e+00 0.000000000000e+00 0.000000000000e+00 1.033913370554e-07  9.748689133272e-08  0.000000000000e+00  0.000000000000e+00   2.019058751449e-11   2.149584488527e-11
169 4 15 40.000000 0.580000 1.008752 0.088185 1.007548 0.088390 8.653212546506e-08 5.106846340781e-08 8.718530734690e-08 5.201932366622e-08 7.235179212957e-08  6.839346351607e-08  1.955135064365e-11  1.166536046259e-11   1.533726986378e-11   1.628157751819e-11
180 4 16 40.000000 0.620000 0.984106 0.036652 0.983234 0.036789 2.047301883579e-08 1.029068788441e-08 2.012975924949e-08 1.014614368210e-08 5.179084888015e-08  4.996488951376e-08  4.732381207336e-12  2.385295278150e-12   1.174643478001e-11   1.224738685117e-11
191 4 17 40.000000 0.660000 0.971912 0.022237 0.965233 0.022223 1.147491701659e-08 4.698675079690e-09 1.107596371628e-08 4.542477670524e-09 3.628052004505e-08  3.564844672003e-08  2.746086044375e-12  1.126225659224e-12   8.838391362514e-12   9.065522355272e-12
202 4 18 40.000000 0.700000 0.963884 0.016593 0.959039 0.016641 1.933655546793e-08 4.347843315026e-09 1.854450520757e-08 4.182146747422e-09 2.484889256739e-08  2.502526327542e-08  4.852881858195e-12  1.094419282246e-12   6.548821054349e-12   6.574642425864e-12
213 4 19 40.000000 0.740000 0.954839 0.013651 0.955490 0.013794 1.321353870765e-08 2.895153431101e-09 1.262540162861e-08 2.772288101788e-09 1.666935699158e-08  1.732112653369e-08  3.489759148562e-12  7.662819805861e-13   4.787694012631e-12   4.677787301339e-12
224 4 20 40.000000 0.780000 0.949624 0.012167 0.954741 0.012381 1.117197534484e-08 2.337774021963e-09 1.066633898870e-08 2.236250048547e-09 1.099963529520e-08  1.185274955952e-08  3.120178594931e-12  6.541606770406e-13   3.467234212778e-12   3.280410352263e-12
235 4 21 40.000000 0.820000 0.944081 0.011125 0.952746 0.011401 9.447945537033e-09 1.934780494415e-09 9.001489211092e-09 1.846498041333e-09 7.074229149655e-09  7.944682707016e-09  2.795933589032e-12  5.735368642650e-13   2.467681148512e-12   2.254417936874e-12
246 4 22 40.000000 0.860000 0.947496 0.010828 0.963722 0.011223 4.298004174785e-09 1.242685556050e-09 4.142080145451e-09 1.198574056349e-09 4.481842847487e-09  5.304843627166e-09  1.350763545443e-12  3.908640308681e-13   1.729949478095e-12   1.507983956636e-12
257 4 23 40.000000 0.900000 0.934500 0.010611 0.962478 0.011191 5.391525892406e-09 1.350609859230e-09 5.189227473625e-09 1.301332374561e-09 2.733589967715e-09  3.446585256879e-09  1.787696623742e-12  4.483109488247e-13   1.187353774425e-12   9.785442190672e-13
268 4 24 40.000000 0.940000 0.920724 0.010540 0.951165 0.011181 4.020861865683e-09 1.162568502557e-09 3.824501386835e-09 1.106707530579e-09 1.630086916667e-09  2.205682329427e-09  1.378656638509e-12  3.989460401749e-13   7.951045844499e-13   6.138631908120e-13
279 4 25 40.000000 0.980000 0.911919 0.010837 0.949141 0.011628 5.019770377146e-09 1.298905466480e-09 4.764471986584e-09 1.234226035278e-09 9.445616469487e-10  1.399722800498e-09  1.780487975367e-12  4.612315112537e-13   5.230778189381e-13   3.709868380240e-13
290 4 26 40.000000 1.020000 0.903435 0.011418 0.960859 0.012554 2.549957134335e-09 9.649943335534e-10 2.450150210804e-09 9.277762658376e-10 5.296856213745e-10  8.960369619358e-10  9.380004312617e-13  3.551841571315e-13   3.430332773133e-13   2.146879847443e-13
301 4 27 40.000000 1.060000 0.901274 0.012420 0.948720 0.013598 1.976179220264e-09 8.846796222819e-10 1.874840177888e-09 8.397430865588e-10 2.854142582870e-10  5.598115594957e-10  7.349563709085e-13  3.291878095381e-13   2.194518108862e-13   1.191519538323e-13
312 4 28 40.000000 1.100000 0.896564 0.013633 0.947760 0.015019 1.443285047031e-09 8.339190937297e-10 1.367887961881e-09 7.906524322277e-10 1.438835162431e-10  3.477430240920e-10  5.406486123509e-13  3.125001113016e-13   1.374431157151e-13   6.115418831963e-14
323 4 29 40.000000 1.140000 0.847323 0.014664 0.928305 0.016709 1.597613374926e-09 9.234877794814e-10 1.483072433709e-09 8.576938230860e-10 6.319517201191e-11  2.092411419198e-10  5.953176738796e-13  3.442854711981e-13   8.399114369355e-14   2.745099624640e-14
334 4 30 40.000000 1.180000 0.832898 0.018453 0.955433 0.021856 1.514347314213e-09 1.071971398456e-09 1.446856736574e-09 1.024731008058e-09 2.899213841708e-11  1.407301833655e-10  5.823145784796e-13  4.124221769359e-13   5.663949673408e-14   1.267466010587e-14
181 5 16 50.000000 0.620000 1.046528 0.384885 1.046646 0.386071 0.000000000000e+00 0.000000000000e+00 0.000000000000e+00 0.000000000000e+00 5.341021305922e-08  6.718549519330e-08  0.000000000000e+00  0.000000000000e+00   1.323806161051e-11   1.053883462890e-11
192 5 17 50.000000 0.660000 1.040593 0.124259 1.042156 0.124795 0.000000000000e+00 0.000000000000e+00 0.000000000000e+00 0.000000000000e+00 3.910264252830e-08  5.159033806067e-08  0.000000000000e+00  0.000000000000e+00   1.032958325467e-11   7.858467910947e-12
203 5 18 50.000000 0.700000 1.003790 0.060879 1.012650 0.061769 5.992558271828e-08 3.039616067006e-08 6.068364687093e-08 3.100244176405e-08 2.726873362454e-08  3.761212104555e-08  1.260588164178e-11  6.440171803041e-12   7.813207851614e-12   5.698429846700e-12
214 5 19 50.000000 0.740000 1.001211 0.041469 1.017104 0.042360 1.863303644711e-08 1.081102081470e-08 1.895173656975e-08 1.102422395094e-08 1.907008990103e-08  2.751994308925e-08  4.032664032126e-12  2.345800409658e-12   5.855858340672e-12   4.084368753954e-12
225 5 20 50.000000 0.780000 0.983922 0.032239 1.000834 0.032974 2.118773068105e-08 8.702266304149e-09 2.120540765728e-08 8.737503622301e-09 1.300203032786e-08  1.977667590421e-08  4.607746646947e-12  1.898581893309e-12   4.297295933101e-12   2.847073151799e-12
236 5 21 50.000000 0.820000 0.970993 0.027050 0.986340 0.027639 2.100513007974e-08 7.471202458957e-09 2.071819988022e-08 7.391980031486e-09 8.751611722186e-09  1.421495726201e-08  4.556984193952e-12  1.625871763003e-12   3.126590916933e-12   1.942322781439e-12
247 5 22 50.000000 0.860000 0.964618 0.024413 0.985850 0.025118 1.423621220908e-08 5.403864731538e-09 1.403477024453e-08 5.339387346124e-09 5.758762059861e-09  1.013446735489e-08  3.124337577868e-12  1.188622844381e-12   2.256075207280e-12   1.295813977330e-12
258 5 23 50.000000 0.900000 0.953896 0.024028 0.975590 0.024767 1.152953110761e-08 4.723737897973e-09 1.124809233293e-08 4.617268269976e-09 3.655600775936e-09  7.036109545059e-09  2.539384103632e-12  1.042400551128e-12   1.588481335438e-12   8.360765425424e-13
269 5 24 50.000000 0.940000 0.940657 0.023438 0.967783 0.024320 1.461570153793e-08 5.191600387207e-09 1.414482364273e-08 5.036899223392e-09 2.234207970332e-09  4.814712640198e-09  3.243010488778e-12  1.154819418394e-12   1.103878279928e-12   5.202320730401e-13
280 5 25 50.000000 0.980000 0.940995 0.024950 0.975153 0.026087 1.588822584608e-08 5.646744320740e-09 1.549344461536e-08 5.522014101892e-09 1.352980698876e-09  3.362319746216e-09  3.575600130790e-12  1.274378605605e-12   7.759611385842e-13   3.173147670407e-13
291 5 26 50.000000 1.020000 0.940650 0.026774 0.986786 0.028283 6.737702396009e-09 3.898837252275e-09 6.648669643769e-09 3.852034027083e-09 7.829628879082e-10  2.292144120406e-09  1.550036291027e-12  8.980431960317e-13   5.343785691357e-13   1.854595579637e-13
302 5 27 50.000000 1.060000 0.944080 0.030359 0.990634 0.032050 2.647847052728e-09 2.650346053609e-09 2.623047914762e-09 2.626894630676e-09 4.290910465177e-10  1.542178251086e-09  6.150188910943e-13  6.159208200840e-13   3.615903287602e-13   1.023072740670e-13
313 5 28 50.000000 1.100000 0.911191 0.033635 0.970216 0.035900 7.447493732826e-09 5.280185628832e-09 7.225676535707e-09 5.129892101162e-09 2.146176483258e-10  9.974275932321e-10  1.705637564304e-12  1.210922828517e-12   2.354450773271e-13   5.147058756045e-14
324 5 29 50.000000 1.140000 0.842154 0.038666 0.950404 0.043260 1.985566910889e-08 1.000908265609e-08 1.887090033755e-08 9.551370815281e-09 9.229113109848e-11  6.134643857228e-10  4.473423525588e-12  2.264191222593e-12   1.454242228042e-13   2.215797935190e-14
335 5 30 50.000000 1.180000 0.883452 0.052696 0.972321 0.057432 0.000000000000e+00 0.000000000000e+00 0.000000000000e+00 0.000000000000e+00 4.693892644047e-11  4.232465087450e-10  0.000000000000e+00  0.000000000000e+00   9.979132382096e-14   1.119159569031e-14
