; Calibration constants for file coin_replay_pcal_calib_3371_-1, 19106 events processed

pcal_neg_gain_cor =  0.00,  0.00, 25.16, 22.09, 22.55, 18.87, 26.99,  0.00,  0.00,  0.00,  0.00,  0.00,  0.00,  0.00,
pcal_pos_gain_cor =  0.00,  0.00, 22.55, 18.79, 19.66, 22.57, 20.72, 16.74,  0.00,  0.00,  0.00,  0.00,  0.00,  0.00,
pcal_arr_gain_cor =  0.00,  0.00,  0.00,  0.00,  0.00,  0.00,  0.00,  0.00,  0.00,  0.00,  0.00,  0.00,  0.00,  0.00,  0.00,  0.00,
                     0.00,  0.00,  0.00,  0.00,  0.00,  0.00,  0.00,  0.00,  0.00,  0.00,  0.00,  0.00,  0.00,  0.00,  0.00,  0.00,
                     0.00,  0.00,  0.00, 27.92, 52.63, 58.33, 18.04,  0.00,  0.00,  0.00,  0.00,  0.00,  0.00,  0.00,  0.00,  0.00,
                     0.00,  0.00, 31.74, 40.97, 32.58, 25.62, 75.55, 54.33,  0.00,  0.00,  0.00,  0.00,  0.00,  0.00,  0.00,  0.00,
                     0.00,  0.00, 27.24, 24.35, 55.98, 48.70, 40.16, 28.79, 29.22,  0.00,  0.00,  0.00,  0.00,  0.00,  0.00,  0.00,
                     0.00,  0.00, 31.38, 61.31, 17.36, 37.05, 37.47, 47.89, 66.26,  0.00,  0.00,  0.00,  0.00,  0.00,  0.00,  0.00,
                     0.00,  0.00, 45.32, 39.51, 22.48, 41.40, 51.11, 38.76, 36.20,  0.00,  0.00,  0.00,  0.00,  0.00,  0.00,  0.00,
                     0.00, 54.24, 14.20, 13.47, 16.59, 13.26, 17.51, 20.33, 15.87,  0.00,  0.00,  0.00,  0.00,  0.00,  0.00,  0.00,
                     0.00,  0.00, 26.95, 29.78, 47.54, 40.01, 23.41, 42.85,  0.00,  0.00,  0.00,  0.00,  0.00,  0.00,  0.00,  0.00,
                     0.00,  0.00, 16.89, 39.18, 22.97, 55.20, 42.72, 51.56,  0.00,  0.00,  0.00,  0.00,  0.00,  0.00,  0.00,  0.00,
                     0.00,  0.00, 61.90, 36.40, 29.95, 39.29, 16.10,  0.00,  0.00,  0.00,  0.00,  0.00,  0.00,  0.00,  0.00,  0.00,
                     0.00,  0.00,  0.00, 38.08, 37.80, 34.26,  5.09,  0.00,  0.00,  0.00,  0.00,  0.00,  0.00,  0.00,  0.00,  0.00,
                     0.00,  0.00,  0.00,  0.00,  0.00,  0.00,  0.00,  0.00,  0.00,  0.00,  0.00,  0.00,  0.00,  0.00,  0.00,  0.00,
                     0.00,  0.00,  0.00,  0.00,  0.00,  0.00,  0.00,  0.00,  0.00,  0.00,  0.00,  0.00,  0.00,  0.00,  0.00,  0.00,
