# Laget Cross Section Results at the Averaged Kinematics
# averaged kinematic varibles used as input to calculate the cross section
# kinematics: Ei, Q2, omega, th_pq_cm, phi_pq
#
#\ xb = th_nq
#\ yb = pm
# current header line:
#! i_b[i,0]/ i_x[i,1]/ i_y[i,2]/ xb[f,3]/ yb[f,4]/ pwiaXsec[f,5]/ pwiaGEp[f,6]/ pwiaGMp[f,7]/ pwia_sigMott[f,8]/ pwia_Ksig_cc1[f,9]/ fsiXsec[f,10]/ fsiGEp[f,11]/ fsiGMp[f,12]/ fsi_sigMott[f,13]/ fsi_Ksig_cc1[f,14]/ 
22 1 1 5.0 0.02 -1.0 -1.0 -1.0 -1.0 -1.0 -1.0 -1.0 -1.0 -1.0 -1.0 
43 1 2 5.0 0.06 -1.0 -1.0 -1.0 -1.0 -1.0 -1.0 -1.0 -1.0 -1.0 -1.0 
64 1 3 5.0 0.1 -1.0 -1.0 -1.0 -1.0 -1.0 -1.0 -1.0 -1.0 -1.0 -1.0 
85 1 4 5.0 0.14 -1.0 -1.0 -1.0 -1.0 -1.0 -1.0 -1.0 -1.0 -1.0 -1.0 
106 1 5 5.0 0.18 -1.0 -1.0 -1.0 -1.0 -1.0 -1.0 -1.0 -1.0 -1.0 -1.0 
127 1 6 5.0 0.22 -1.0 -1.0 -1.0 -1.0 -1.0 -1.0 -1.0 -1.0 -1.0 -1.0 
148 1 7 5.0 0.26 -1.0 -1.0 -1.0 -1.0 -1.0 -1.0 -1.0 -1.0 -1.0 -1.0 
169 1 8 5.0 0.3 -1.0 -1.0 -1.0 -1.0 -1.0 -1.0 -1.0 -1.0 -1.0 -1.0 
190 1 9 5.0 0.34 -1.0 -1.0 -1.0 -1.0 -1.0 -1.0 -1.0 -1.0 -1.0 -1.0 
211 1 10 5.0 0.38 -1.0 -1.0 -1.0 -1.0 -1.0 -1.0 -1.0 -1.0 -1.0 -1.0 
232 1 11 5.0 0.42 -1.0 -1.0 -1.0 -1.0 -1.0 -1.0 -1.0 -1.0 -1.0 -1.0 
253 1 12 5.0 0.46 -1.0 -1.0 -1.0 -1.0 -1.0 -1.0 -1.0 -1.0 -1.0 -1.0 
274 1 13 5.0 0.5 -1.0 -1.0 -1.0 -1.0 -1.0 -1.0 -1.0 -1.0 -1.0 -1.0 
295 1 14 5.0 0.54 -1.0 -1.0 -1.0 -1.0 -1.0 -1.0 -1.0 -1.0 -1.0 -1.0 
316 1 15 5.0 0.58 -1.0 -1.0 -1.0 -1.0 -1.0 -1.0 -1.0 -1.0 -1.0 -1.0 
337 1 16 5.0 0.62 -1.0 -1.0 -1.0 -1.0 -1.0 -1.0 -1.0 -1.0 -1.0 -1.0 
358 1 17 5.0 0.66 -1.0 -1.0 -1.0 -1.0 -1.0 -1.0 -1.0 -1.0 -1.0 -1.0 
379 1 18 5.0 0.7 -1.0 -1.0 -1.0 -1.0 -1.0 -1.0 -1.0 -1.0 -1.0 -1.0 
400 1 19 5.0 0.74 -1.0 -1.0 -1.0 -1.0 -1.0 -1.0 -1.0 -1.0 -1.0 -1.0 
421 1 20 5.0 0.78 -1.0 -1.0 -1.0 -1.0 -1.0 -1.0 -1.0 -1.0 -1.0 -1.0 
442 1 21 5.0 0.82 -1.0 -1.0 -1.0 -1.0 -1.0 -1.0 -1.0 -1.0 -1.0 -1.0 
463 1 22 5.0 0.86 -1.0 -1.0 -1.0 -1.0 -1.0 -1.0 -1.0 -1.0 -1.0 -1.0 
484 1 23 5.0 0.9 -1.0 -1.0 -1.0 -1.0 -1.0 -1.0 -1.0 -1.0 -1.0 -1.0 
505 1 24 5.0 0.94 -1.0 -1.0 -1.0 -1.0 -1.0 -1.0 -1.0 -1.0 -1.0 -1.0 
526 1 25 5.0 0.98 -1.0 -1.0 -1.0 -1.0 -1.0 -1.0 -1.0 -1.0 -1.0 -1.0 
547 1 26 5.0 1.02 -1.0 -1.0 -1.0 -1.0 -1.0 -1.0 -1.0 -1.0 -1.0 -1.0 
568 1 27 5.0 1.06 -1.0 -1.0 -1.0 -1.0 -1.0 -1.0 -1.0 -1.0 -1.0 -1.0 
589 1 28 5.0 1.1 -1.0 -1.0 -1.0 -1.0 -1.0 -1.0 -1.0 -1.0 -1.0 -1.0 
610 1 29 5.0 1.14 -1.0 -1.0 -1.0 -1.0 -1.0 -1.0 -1.0 -1.0 -1.0 -1.0 
631 1 30 5.0 1.18 -1.0 -1.0 -1.0 -1.0 -1.0 -1.0 -1.0 -1.0 -1.0 -1.0 
23 2 1 15.0 0.02 -1.0 -1.0 -1.0 -1.0 -1.0 -1.0 -1.0 -1.0 -1.0 -1.0 
44 2 2 15.0 0.06 -1.0 -1.0 -1.0 -1.0 -1.0 -1.0 -1.0 -1.0 -1.0 -1.0 
65 2 3 15.0 0.1 -1.0 -1.0 -1.0 -1.0 -1.0 -1.0 -1.0 -1.0 -1.0 -1.0 
86 2 4 15.0 0.14 -1.0 -1.0 -1.0 -1.0 -1.0 -1.0 -1.0 -1.0 -1.0 -1.0 
107 2 5 15.0 0.18 -1.0 -1.0 -1.0 -1.0 -1.0 -1.0 -1.0 -1.0 -1.0 -1.0 
128 2 6 15.0 0.22 -1.0 -1.0 -1.0 -1.0 -1.0 -1.0 -1.0 -1.0 -1.0 -1.0 
149 2 7 15.0 0.26 -1.0 -1.0 -1.0 -1.0 -1.0 -1.0 -1.0 -1.0 -1.0 -1.0 
170 2 8 15.0 0.3 -1.0 -1.0 -1.0 -1.0 -1.0 -1.0 -1.0 -1.0 -1.0 -1.0 
191 2 9 15.0 0.34 -1.0 -1.0 -1.0 -1.0 -1.0 -1.0 -1.0 -1.0 -1.0 -1.0 
212 2 10 15.0 0.38 -1.0 -1.0 -1.0 -1.0 -1.0 -1.0 -1.0 -1.0 -1.0 -1.0 
233 2 11 15.0 0.42 -1.0 -1.0 -1.0 -1.0 -1.0 -1.0 -1.0 -1.0 -1.0 -1.0 
254 2 12 15.0 0.46 -1.0 -1.0 -1.0 -1.0 -1.0 -1.0 -1.0 -1.0 -1.0 -1.0 
275 2 13 15.0 0.5 -1.0 -1.0 -1.0 -1.0 -1.0 -1.0 -1.0 -1.0 -1.0 -1.0 
296 2 14 15.0 0.54 -1.0 -1.0 -1.0 -1.0 -1.0 -1.0 -1.0 -1.0 -1.0 -1.0 
317 2 15 15.0 0.58 -1.0 -1.0 -1.0 -1.0 -1.0 -1.0 -1.0 -1.0 -1.0 -1.0 
338 2 16 15.0 0.62 3.94114142556e-08 0.021591 0.055945 0.367346 2494.545219 2.918482753437e-08 0.02192 0.056927 0.375059 2620.28094 
359 2 17 15.0 0.66 2.867379941749e-08 0.020756 0.053461 0.347529 2216.960162 1.878441860097e-08 0.020776 0.053521 0.348036 2224.854756 
380 2 18 15.0 0.7 1.907647292884e-08 0.019872 0.05084 0.32699 1938.098329 1.26379820229e-08 0.019877 0.050854 0.327002 1941.413856 
401 2 19 15.0 0.74 1.226652892969e-08 0.018974 0.048189 0.306398 1676.480202 8.009385478658e-09 0.018955 0.048134 0.305915 1672.654402 
422 2 20 15.0 0.78 8.004533844884e-09 0.018237 0.046023 0.289733 1480.11348 5.244970425397e-09 0.018203 0.045923 0.288987 1471.077538 
443 2 21 15.0 0.82 5.293812174473e-09 0.017652 0.044309 0.276719 1332.127172 3.504799665802e-09 0.017648 0.044297 0.276596 1330.462124 
464 2 22 15.0 0.86 3.601131128182e-09 0.017268 0.04319 0.268212 1237.220113 2.438056337202e-09 0.01726 0.043165 0.267967 1235.197732 
485 2 23 15.0 0.9 -1.0 -1.0 -1.0 -1.0 -1.0 -1.0 -1.0 -1.0 -1.0 -1.0 
506 2 24 15.0 0.94 -1.0 -1.0 -1.0 -1.0 -1.0 -1.0 -1.0 -1.0 -1.0 -1.0 
527 2 25 15.0 0.98 -1.0 -1.0 -1.0 -1.0 -1.0 -1.0 -1.0 -1.0 -1.0 -1.0 
548 2 26 15.0 1.02 -1.0 -1.0 -1.0 -1.0 -1.0 -1.0 -1.0 -1.0 -1.0 -1.0 
569 2 27 15.0 1.06 -1.0 -1.0 -1.0 -1.0 -1.0 -1.0 -1.0 -1.0 -1.0 -1.0 
590 2 28 15.0 1.1 -1.0 -1.0 -1.0 -1.0 -1.0 -1.0 -1.0 -1.0 -1.0 -1.0 
611 2 29 15.0 1.14 -1.0 -1.0 -1.0 -1.0 -1.0 -1.0 -1.0 -1.0 -1.0 -1.0 
632 2 30 15.0 1.18 -1.0 -1.0 -1.0 -1.0 -1.0 -1.0 -1.0 -1.0 -1.0 -1.0 
24 3 1 25.0 0.02 -1.0 -1.0 -1.0 -1.0 -1.0 -1.0 -1.0 -1.0 -1.0 -1.0 
45 3 2 25.0 0.06 -1.0 -1.0 -1.0 -1.0 -1.0 -1.0 -1.0 -1.0 -1.0 -1.0 
66 3 3 25.0 0.1 -1.0 -1.0 -1.0 -1.0 -1.0 -1.0 -1.0 -1.0 -1.0 -1.0 
87 3 4 25.0 0.14 -1.0 -1.0 -1.0 -1.0 -1.0 -1.0 -1.0 -1.0 -1.0 -1.0 
108 3 5 25.0 0.18 -1.0 -1.0 -1.0 -1.0 -1.0 -1.0 -1.0 -1.0 -1.0 -1.0 
129 3 6 25.0 0.22 -1.0 -1.0 -1.0 -1.0 -1.0 -1.0 -1.0 -1.0 -1.0 -1.0 
150 3 7 25.0 0.26 -1.0 -1.0 -1.0 -1.0 -1.0 -1.0 -1.0 -1.0 -1.0 -1.0 
171 3 8 25.0 0.3 -1.0 -1.0 -1.0 -1.0 -1.0 -1.0 -1.0 -1.0 -1.0 -1.0 
192 3 9 25.0 0.34 -1.0 -1.0 -1.0 -1.0 -1.0 -1.0 -1.0 -1.0 -1.0 -1.0 
213 3 10 25.0 0.38 -1.0 -1.0 -1.0 -1.0 -1.0 -1.0 -1.0 -1.0 -1.0 -1.0 
234 3 11 25.0 0.42 -1.0 -1.0 -1.0 -1.0 -1.0 -1.0 -1.0 -1.0 -1.0 -1.0 
255 3 12 25.0 0.46 -1.0 -1.0 -1.0 -1.0 -1.0 -1.0 -1.0 -1.0 -1.0 -1.0 
276 3 13 25.0 0.5 1.41771770058e-07 0.025773 0.068502 0.464443 4550.533488 1.07824500039e-07 0.02571 0.068314 0.462221 4546.302682 
297 3 14 25.0 0.54 9.858661808444e-08 0.024603 0.064975 0.435192 3980.238644 7.277340086792e-08 0.024672 0.065182 0.436841 4020.500669 
318 3 15 25.0 0.58 7.026166145931e-08 0.023738 0.062371 0.413793 3593.521514 5.026675118423e-08 0.023733 0.062357 0.413595 3593.635401 
339 3 16 25.0 0.62 4.801982351953e-08 0.022823 0.059629 0.391506 3203.425843 3.360668665677e-08 0.0228 0.059558 0.390859 3195.502088 
360 3 17 25.0 0.66 3.194771075325e-08 0.021831 0.056661 0.36751 2805.915862 2.207501008008e-08 0.021869 0.056776 0.368383 2824.389433 
381 3 18 25.0 0.7 2.092856800387e-08 0.020909 0.053917 0.345578 2464.714818 1.417684252376e-08 0.020916 0.053938 0.345698 2467.996901 
402 3 19 25.0 0.74 1.349297226278e-08 0.020046 0.051357 0.325326 2166.297366 9.00058381354e-09 0.020081 0.051458 0.326047 2179.94513 
423 3 20 25.0 0.78 8.656258226606e-09 0.019304 0.049161 0.308112 1926.793676 5.697806385435e-09 0.019311 0.049182 0.308173 1931.265664 
444 3 21 25.0 0.82 5.511437400013e-09 0.018732 0.047478 0.294914 1751.348335 3.608742150898e-09 0.018741 0.047504 0.295032 1755.791994 
465 3 22 25.0 0.86 3.512321680113e-09 0.018319 0.046264 0.285295 1626.92406 2.343452789942e-09 0.018345 0.046341 0.2858 1635.412424 
486 3 23 25.0 0.9 2.207386602636e-09 0.018055 0.04549 0.278806 1546.975025 1.516926922622e-09 0.018057 0.045496 0.278822 1547.343653 
507 3 24 25.0 0.94 1.326352001248e-09 0.017847 0.04488 0.273441 1478.346788 9.803837171166e-10 0.017866 0.044937 0.273823 1484.001184 
528 3 25 25.0 0.98 7.950645083095e-10 0.017692 0.044429 0.269211 1421.128644 6.484124155712e-10 0.017695 0.044437 0.269288 1418.374376 
549 3 26 25.0 1.02 4.394878098478e-10 0.017583 0.044108 0.265844 1366.573715 4.20214503414e-10 0.017584 0.044112 0.265869 1366.891266 
570 3 27 25.0 1.06 2.33501645069e-10 0.017444 0.043703 0.261891 1313.972537 2.774256344017e-10 0.017458 0.043744 0.262214 1312.973161 
591 3 28 25.0 1.1 -1.0 -1.0 -1.0 -1.0 -1.0 -1.0 -1.0 -1.0 -1.0 -1.0 
612 3 29 25.0 1.14 -1.0 -1.0 -1.0 -1.0 -1.0 -1.0 -1.0 -1.0 -1.0 -1.0 
633 3 30 25.0 1.18 -1.0 -1.0 -1.0 -1.0 -1.0 -1.0 -1.0 -1.0 -1.0 -1.0 
25 4 1 35.0 0.02 -1.0 -1.0 -1.0 -1.0 -1.0 -1.0 -1.0 -1.0 -1.0 -1.0 
46 4 2 35.0 0.06 -1.0 -1.0 -1.0 -1.0 -1.0 -1.0 -1.0 -1.0 -1.0 -1.0 
67 4 3 35.0 0.1 -1.0 -1.0 -1.0 -1.0 -1.0 -1.0 -1.0 -1.0 -1.0 -1.0 
88 4 4 35.0 0.14 -1.0 -1.0 -1.0 -1.0 -1.0 -1.0 -1.0 -1.0 -1.0 -1.0 
109 4 5 35.0 0.18 -1.0 -1.0 -1.0 -1.0 -1.0 -1.0 -1.0 -1.0 -1.0 -1.0 
130 4 6 35.0 0.22 -1.0 -1.0 -1.0 -1.0 -1.0 -1.0 -1.0 -1.0 -1.0 -1.0 
151 4 7 35.0 0.26 -1.0 -1.0 -1.0 -1.0 -1.0 -1.0 -1.0 -1.0 -1.0 -1.0 
172 4 8 35.0 0.3 -1.0 -1.0 -1.0 -1.0 -1.0 -1.0 -1.0 -1.0 -1.0 -1.0 
193 4 9 35.0 0.34 -1.0 -1.0 -1.0 -1.0 -1.0 -1.0 -1.0 -1.0 -1.0 -1.0 
214 4 10 35.0 0.38 -1.0 -1.0 -1.0 -1.0 -1.0 -1.0 -1.0 -1.0 -1.0 -1.0 
235 4 11 35.0 0.42 -1.0 -1.0 -1.0 -1.0 -1.0 -1.0 -1.0 -1.0 -1.0 -1.0 
256 4 12 35.0 0.46 -1.0 -1.0 -1.0 -1.0 -1.0 -1.0 -1.0 -1.0 -1.0 -1.0 
277 4 13 35.0 0.5 1.374775538627e-07 0.025733 0.068384 0.458196 4756.366542 1.184250576231e-07 0.025808 0.068611 0.459897 4821.003632 
298 4 14 35.0 0.54 1.005789330367e-07 0.025048 0.066315 0.439589 4479.619506 8.541209525783e-08 0.025038 0.066284 0.439097 4478.828045 
319 4 15 35.0 0.58 7.211277914886e-08 0.024334 0.064163 0.421242 4153.783039 6.135971192107e-08 0.024355 0.064226 0.421618 4169.983251 
340 4 16 35.0 0.62 5.069064623708e-08 0.0237 0.062259 0.405228 3864.971946 4.303136808678e-08 0.023703 0.062267 0.405032 3874.794762 
361 4 17 35.0 0.66 3.508193156537e-08 0.023083 0.060407 0.389607 3589.886503 3.009144375592e-08 0.023126 0.060534 0.390274 3620.566116 
382 4 18 35.0 0.7 2.363056795041e-08 0.022416 0.058409 0.372743 3300.206304 2.045302478012e-08 0.022483 0.05861 0.374052 3337.710569 
403 4 19 35.0 0.74 1.554251430592e-08 0.02174 0.056391 0.355878 3013.93949 1.359202833567e-08 0.021826 0.056646 0.357542 3056.041202 
424 4 20 35.0 0.78 9.978762311636e-09 0.021057 0.054356 0.338995 2736.923343 8.80442596111e-09 0.021152 0.054639 0.340823 2781.265434 
445 4 21 35.0 0.82 6.302375508817e-09 0.020459 0.052581 0.324223 2506.706291 5.678269148167e-09 0.020574 0.052921 0.32646 2554.845676 
466 4 22 35.0 0.86 3.919396765748e-09 0.019948 0.051065 0.311532 2316.31223 3.599090560678e-09 0.020062 0.051402 0.313674 2362.366547 
487 4 23 35.0 0.9 2.385543179779e-09 0.019526 0.049818 0.300901 2164.072896 2.276720564283e-09 0.019663 0.050222 0.303483 2215.815727 
508 4 24 35.0 0.94 1.427338711342e-09 0.019211 0.048887 0.29252 2051.935617 1.432730132058e-09 0.019343 0.049277 0.294955 2099.629743 
529 4 25 35.0 0.98 8.265540568278e-10 0.018968 0.048172 0.285657 1964.274041 8.944418294913e-10 0.019111 0.048593 0.288241 2014.004506 
550 4 26 35.0 1.02 4.655838344525e-10 0.018778 0.047613 0.279793 1894.684873 5.560939555161e-10 0.018905 0.047985 0.28203 1937.495994 
571 4 27 35.0 1.06 2.452657824305e-10 0.018617 0.04714 0.274401 1835.742025 3.386861535359e-10 0.018736 0.04749 0.276528 1874.508032 
592 4 28 35.0 1.1 1.223566438946e-10 0.018495 0.04678 0.269768 1789.64894 2.036817761547e-10 0.018603 0.047098 0.271655 1823.551878 
613 4 29 35.0 1.14 5.543734534113e-11 0.018389 0.04647 0.265328 1750.487314 1.197900744211e-10 0.0185 0.046794 0.267433 1780.769196 
634 4 30 35.0 1.18 2.302665489608e-11 0.018327 0.046289 0.261998 1723.715818 7.105410163074e-11 0.018411 0.046533 0.263661 1742.787819 
26 5 1 45.0 0.02 -1.0 -1.0 -1.0 -1.0 -1.0 -1.0 -1.0 -1.0 -1.0 -1.0 
47 5 2 45.0 0.06 -1.0 -1.0 -1.0 -1.0 -1.0 -1.0 -1.0 -1.0 -1.0 -1.0 
68 5 3 45.0 0.1 -1.0 -1.0 -1.0 -1.0 -1.0 -1.0 -1.0 -1.0 -1.0 -1.0 
89 5 4 45.0 0.14 -1.0 -1.0 -1.0 -1.0 -1.0 -1.0 -1.0 -1.0 -1.0 -1.0 
110 5 5 45.0 0.18 -1.0 -1.0 -1.0 -1.0 -1.0 -1.0 -1.0 -1.0 -1.0 -1.0 
131 5 6 45.0 0.22 -1.0 -1.0 -1.0 -1.0 -1.0 -1.0 -1.0 -1.0 -1.0 -1.0 
152 5 7 45.0 0.26 -1.0 -1.0 -1.0 -1.0 -1.0 -1.0 -1.0 -1.0 -1.0 -1.0 
173 5 8 45.0 0.3 -1.0 -1.0 -1.0 -1.0 -1.0 -1.0 -1.0 -1.0 -1.0 -1.0 
194 5 9 45.0 0.34 -1.0 -1.0 -1.0 -1.0 -1.0 -1.0 -1.0 -1.0 -1.0 -1.0 
215 5 10 45.0 0.38 -1.0 -1.0 -1.0 -1.0 -1.0 -1.0 -1.0 -1.0 -1.0 -1.0 
236 5 11 45.0 0.42 -1.0 -1.0 -1.0 -1.0 -1.0 -1.0 -1.0 -1.0 -1.0 -1.0 
257 5 12 45.0 0.46 -1.0 -1.0 -1.0 -1.0 -1.0 -1.0 -1.0 -1.0 -1.0 -1.0 
278 5 13 45.0 0.5 -1.0 -1.0 -1.0 -1.0 -1.0 -1.0 -1.0 -1.0 -1.0 -1.0 
299 5 14 45.0 0.54 1.03959483709e-07 0.025801 0.068589 0.449724 5207.288321 1.096263295687e-07 0.025886 0.068846 0.451154 5268.087213 
320 5 15 45.0 0.58 7.35366560924e-08 0.025058 0.066346 0.429754 4836.999522 8.015465033017e-08 0.025197 0.066763 0.432865 4927.412857 
341 5 16 45.0 0.62 5.261681472391e-08 0.02453 0.064753 0.415296 4592.40743 5.735519661267e-08 0.02458 0.064905 0.416395 4623.724408 
362 5 17 45.0 0.66 3.733669876419e-08 0.024135 0.063566 0.404164 4419.311299 4.213246513336e-08 0.024176 0.063687 0.404793 4448.921589 
383 5 18 45.0 0.7 2.589654569063e-08 0.023747 0.0624 0.39315 4241.496586 3.052798476601e-08 0.023821 0.062623 0.394507 4290.1727 
404 5 19 45.0 0.74 1.777819250015e-08 0.023424 0.061429 0.383725 4090.348397 2.190088211286e-08 0.023511 0.061689 0.385326 4146.941911 
425 5 20 45.0 0.78 1.200050614387e-08 0.023146 0.060594 0.375356 3954.710374 1.560254002245e-08 0.023265 0.060951 0.377548 4029.260839 
446 5 21 45.0 0.82 7.928052382873e-09 0.022888 0.059822 0.367382 3827.326387 1.096825862047e-08 0.023034 0.060261 0.370114 3913.740423 
467 5 22 45.0 0.86 5.119162340933e-09 0.022648 0.059103 0.359813 3702.365511 7.603481987885e-09 0.022846 0.059697 0.363648 3813.347332 
488 5 23 45.0 0.9 3.209920382764e-09 0.022441 0.058484 0.353 3591.519108 5.19560969712e-09 0.022678 0.059192 0.357556 3719.688591 
509 5 24 45.0 0.94 1.948296877107e-09 0.022254 0.057926 0.346629 3486.976562 3.462151769139e-09 0.022529 0.058747 0.351867 3630.829391 
530 5 25 45.0 0.98 1.144139098387e-09 0.022083 0.057414 0.340634 3387.335687 2.292263209052e-09 0.02243 0.058452 0.347213 3565.069859 
551 5 26 45.0 1.02 6.528455573833e-10 0.021931 0.05696 0.334989 3294.205344 1.511560597381e-09 0.022341 0.058186 0.34275 3500.301428 
572 5 27 45.0 1.06 3.494667093306e-10 0.021801 0.056572 0.329832 3208.712707 9.852656092444e-10 0.022263 0.057952 0.338591 3434.865397 
593 5 28 45.0 1.1 1.72107633029e-10 0.021677 0.056204 0.324888 3122.822448 6.248316843709e-10 0.022185 0.057719 0.334408 3364.5074 
614 5 29 45.0 1.14 7.455130661748e-11 0.021584 0.055927 0.320572 3047.803144 3.796737219112e-10 0.022127 0.057545 0.330663 3299.718443 
635 5 30 45.0 1.18 3.581729123219e-11 0.021519 0.055733 0.316915 2989.758782 2.399064504008e-10 0.022061 0.057349 0.327042 3232.499255 
27 6 1 55.0 0.02 -1.0 -1.0 -1.0 -1.0 -1.0 -1.0 -1.0 -1.0 -1.0 -1.0 
48 6 2 55.0 0.06 -1.0 -1.0 -1.0 -1.0 -1.0 -1.0 -1.0 -1.0 -1.0 -1.0 
69 6 3 55.0 0.1 -1.0 -1.0 -1.0 -1.0 -1.0 -1.0 -1.0 -1.0 -1.0 -1.0 
90 6 4 55.0 0.14 -1.0 -1.0 -1.0 -1.0 -1.0 -1.0 -1.0 -1.0 -1.0 -1.0 
111 6 5 55.0 0.18 -1.0 -1.0 -1.0 -1.0 -1.0 -1.0 -1.0 -1.0 -1.0 -1.0 
132 6 6 55.0 0.22 -1.0 -1.0 -1.0 -1.0 -1.0 -1.0 -1.0 -1.0 -1.0 -1.0 
153 6 7 55.0 0.26 -1.0 -1.0 -1.0 -1.0 -1.0 -1.0 -1.0 -1.0 -1.0 -1.0 
174 6 8 55.0 0.3 -1.0 -1.0 -1.0 -1.0 -1.0 -1.0 -1.0 -1.0 -1.0 -1.0 
195 6 9 55.0 0.34 -1.0 -1.0 -1.0 -1.0 -1.0 -1.0 -1.0 -1.0 -1.0 -1.0 
216 6 10 55.0 0.38 -1.0 -1.0 -1.0 -1.0 -1.0 -1.0 -1.0 -1.0 -1.0 -1.0 
237 6 11 55.0 0.42 -1.0 -1.0 -1.0 -1.0 -1.0 -1.0 -1.0 -1.0 -1.0 -1.0 
258 6 12 55.0 0.46 -1.0 -1.0 -1.0 -1.0 -1.0 -1.0 -1.0 -1.0 -1.0 -1.0 
279 6 13 55.0 0.5 -1.0 -1.0 -1.0 -1.0 -1.0 -1.0 -1.0 -1.0 -1.0 -1.0 
300 6 14 55.0 0.54 -1.0 -1.0 -1.0 -1.0 -1.0 -1.0 -1.0 -1.0 -1.0 -1.0 
321 6 15 55.0 0.58 -1.0 -1.0 -1.0 -1.0 -1.0 -1.0 -1.0 -1.0 -1.0 -1.0 
342 6 16 55.0 0.62 6.790758604708e-08 0.026809 0.071638 0.458438 6312.636836 7.713996082835e-08 0.025709 0.06831 0.431033 5632.019457 
363 6 17 55.0 0.66 4.323393505438e-08 0.026134 0.069595 0.43878 5965.605675 6.753784135455e-08 0.02597 0.069099 0.435704 5848.67822 
384 6 18 55.0 0.7 3.074432670058e-08 0.025878 0.068821 0.430855 5820.326146 5.176819277366e-08 0.025798 0.068579 0.429075 5758.983789 
405 6 19 55.0 0.74 2.214405273595e-08 0.02576 0.068464 0.426257 5761.615877 3.906966100545e-08 0.025698 0.068276 0.42477 5722.002915 
426 6 20 55.0 0.78 1.504802907497e-08 0.025645 0.068117 0.421045 5706.985964 2.946168811948e-08 0.02568 0.068222 0.421886 5729.378049 
447 6 21 55.0 0.82 1.035571679488e-08 0.025639 0.0681 0.418497 5703.992928 2.189235064053e-08 0.025665 0.068176 0.418772 5741.842969 
468 6 22 55.0 0.86 6.902055399277e-09 0.025707 0.068304 0.417279 5758.247574 1.643007195248e-08 0.025744 0.068415 0.418172 5775.468826 
489 6 23 55.0 0.9 4.440915525898e-09 0.025759 0.068462 0.415472 5791.84786 1.187692513714e-08 0.025796 0.068573 0.416249 5791.263517 
510 6 24 55.0 0.94 2.860850355999e-09 0.025958 0.069062 0.416734 5919.047983 8.792262026005e-09 0.025882 0.068832 0.415219 5855.183345 
531 6 25 55.0 0.98 1.780972421647e-09 0.026199 0.06979 0.419462 6036.557641 6.435733645583e-09 0.025997 0.069182 0.414424 5948.498627 
552 6 26 55.0 1.02 -1.0 -1.0 -1.0 -1.0 -1.0 4.319450319584e-09 0.02631 0.070129 0.417764 6035.924845 
573 6 27 55.0 1.06 -1.0 -1.0 -1.0 -1.0 -1.0 -1.0 -1.0 -1.0 -1.0 -1.0 
594 6 28 55.0 1.1 -1.0 -1.0 -1.0 -1.0 -1.0 -1.0 -1.0 -1.0 -1.0 -1.0 
615 6 29 55.0 1.14 -1.0 -1.0 -1.0 -1.0 -1.0 -1.0 -1.0 -1.0 -1.0 -1.0 
636 6 30 55.0 1.18 -1.0 -1.0 -1.0 -1.0 -1.0 -1.0 -1.0 -1.0 -1.0 -1.0 
28 7 1 65.0 0.02 -1.0 -1.0 -1.0 -1.0 -1.0 -1.0 -1.0 -1.0 -1.0 -1.0 
49 7 2 65.0 0.06 -1.0 -1.0 -1.0 -1.0 -1.0 -1.0 -1.0 -1.0 -1.0 -1.0 
70 7 3 65.0 0.1 -1.0 -1.0 -1.0 -1.0 -1.0 -1.0 -1.0 -1.0 -1.0 -1.0 
91 7 4 65.0 0.14 -1.0 -1.0 -1.0 -1.0 -1.0 -1.0 -1.0 -1.0 -1.0 -1.0 
112 7 5 65.0 0.18 -1.0 -1.0 -1.0 -1.0 -1.0 -1.0 -1.0 -1.0 -1.0 -1.0 
133 7 6 65.0 0.22 -1.0 -1.0 -1.0 -1.0 -1.0 -1.0 -1.0 -1.0 -1.0 -1.0 
154 7 7 65.0 0.26 -1.0 -1.0 -1.0 -1.0 -1.0 -1.0 -1.0 -1.0 -1.0 -1.0 
175 7 8 65.0 0.3 -1.0 -1.0 -1.0 -1.0 -1.0 -1.0 -1.0 -1.0 -1.0 -1.0 
196 7 9 65.0 0.34 -1.0 -1.0 -1.0 -1.0 -1.0 -1.0 -1.0 -1.0 -1.0 -1.0 
217 7 10 65.0 0.38 -1.0 -1.0 -1.0 -1.0 -1.0 -1.0 -1.0 -1.0 -1.0 -1.0 
238 7 11 65.0 0.42 -1.0 -1.0 -1.0 -1.0 -1.0 -1.0 -1.0 -1.0 -1.0 -1.0 
259 7 12 65.0 0.46 -1.0 -1.0 -1.0 -1.0 -1.0 -1.0 -1.0 -1.0 -1.0 -1.0 
280 7 13 65.0 0.5 -1.0 -1.0 -1.0 -1.0 -1.0 -1.0 -1.0 -1.0 -1.0 -1.0 
301 7 14 65.0 0.54 -1.0 -1.0 -1.0 -1.0 -1.0 -1.0 -1.0 -1.0 -1.0 -1.0 
322 7 15 65.0 0.58 -1.0 -1.0 -1.0 -1.0 -1.0 -1.0 -1.0 -1.0 -1.0 -1.0 
343 7 16 65.0 0.62 -1.0 -1.0 -1.0 -1.0 -1.0 -1.0 -1.0 -1.0 -1.0 -1.0 
364 7 17 65.0 0.66 -1.0 -1.0 -1.0 -1.0 -1.0 -1.0 -1.0 -1.0 -1.0 -1.0 
385 7 18 65.0 0.7 -1.0 -1.0 -1.0 -1.0 -1.0 -1.0 -1.0 -1.0 -1.0 -1.0 
406 7 19 65.0 0.74 -1.0 -1.0 -1.0 -1.0 -1.0 -1.0 -1.0 -1.0 -1.0 -1.0 
427 7 20 65.0 0.78 -1.0 -1.0 -1.0 -1.0 -1.0 -1.0 -1.0 -1.0 -1.0 -1.0 
448 7 21 65.0 0.82 -1.0 -1.0 -1.0 -1.0 -1.0 -1.0 -1.0 -1.0 -1.0 -1.0 
469 7 22 65.0 0.86 -1.0 -1.0 -1.0 -1.0 -1.0 -1.0 -1.0 -1.0 -1.0 -1.0 
490 7 23 65.0 0.9 -1.0 -1.0 -1.0 -1.0 -1.0 -1.0 -1.0 -1.0 -1.0 -1.0 
511 7 24 65.0 0.94 -1.0 -1.0 -1.0 -1.0 -1.0 -1.0 -1.0 -1.0 -1.0 -1.0 
532 7 25 65.0 0.98 -1.0 -1.0 -1.0 -1.0 -1.0 -1.0 -1.0 -1.0 -1.0 -1.0 
553 7 26 65.0 1.02 -1.0 -1.0 -1.0 -1.0 -1.0 -1.0 -1.0 -1.0 -1.0 -1.0 
574 7 27 65.0 1.06 -1.0 -1.0 -1.0 -1.0 -1.0 -1.0 -1.0 -1.0 -1.0 -1.0 
595 7 28 65.0 1.1 -1.0 -1.0 -1.0 -1.0 -1.0 -1.0 -1.0 -1.0 -1.0 -1.0 
616 7 29 65.0 1.14 -1.0 -1.0 -1.0 -1.0 -1.0 -1.0 -1.0 -1.0 -1.0 -1.0 
637 7 30 65.0 1.18 -1.0 -1.0 -1.0 -1.0 -1.0 -1.0 -1.0 -1.0 -1.0 -1.0 
29 8 1 75.0 0.02 -1.0 -1.0 -1.0 -1.0 -1.0 -1.0 -1.0 -1.0 -1.0 -1.0 
50 8 2 75.0 0.06 -1.0 -1.0 -1.0 -1.0 -1.0 -1.0 -1.0 -1.0 -1.0 -1.0 
71 8 3 75.0 0.1 -1.0 -1.0 -1.0 -1.0 -1.0 -1.0 -1.0 -1.0 -1.0 -1.0 
92 8 4 75.0 0.14 -1.0 -1.0 -1.0 -1.0 -1.0 -1.0 -1.0 -1.0 -1.0 -1.0 
113 8 5 75.0 0.18 -1.0 -1.0 -1.0 -1.0 -1.0 -1.0 -1.0 -1.0 -1.0 -1.0 
134 8 6 75.0 0.22 -1.0 -1.0 -1.0 -1.0 -1.0 -1.0 -1.0 -1.0 -1.0 -1.0 
155 8 7 75.0 0.26 -1.0 -1.0 -1.0 -1.0 -1.0 -1.0 -1.0 -1.0 -1.0 -1.0 
176 8 8 75.0 0.3 -1.0 -1.0 -1.0 -1.0 -1.0 -1.0 -1.0 -1.0 -1.0 -1.0 
197 8 9 75.0 0.34 -1.0 -1.0 -1.0 -1.0 -1.0 -1.0 -1.0 -1.0 -1.0 -1.0 
218 8 10 75.0 0.38 -1.0 -1.0 -1.0 -1.0 -1.0 -1.0 -1.0 -1.0 -1.0 -1.0 
239 8 11 75.0 0.42 -1.0 -1.0 -1.0 -1.0 -1.0 -1.0 -1.0 -1.0 -1.0 -1.0 
260 8 12 75.0 0.46 -1.0 -1.0 -1.0 -1.0 -1.0 -1.0 -1.0 -1.0 -1.0 -1.0 
281 8 13 75.0 0.5 -1.0 -1.0 -1.0 -1.0 -1.0 -1.0 -1.0 -1.0 -1.0 -1.0 
302 8 14 75.0 0.54 -1.0 -1.0 -1.0 -1.0 -1.0 -1.0 -1.0 -1.0 -1.0 -1.0 
323 8 15 75.0 0.58 -1.0 -1.0 -1.0 -1.0 -1.0 -1.0 -1.0 -1.0 -1.0 -1.0 
344 8 16 75.0 0.62 -1.0 -1.0 -1.0 -1.0 -1.0 -1.0 -1.0 -1.0 -1.0 -1.0 
365 8 17 75.0 0.66 -1.0 -1.0 -1.0 -1.0 -1.0 -1.0 -1.0 -1.0 -1.0 -1.0 
386 8 18 75.0 0.7 -1.0 -1.0 -1.0 -1.0 -1.0 -1.0 -1.0 -1.0 -1.0 -1.0 
407 8 19 75.0 0.74 -1.0 -1.0 -1.0 -1.0 -1.0 -1.0 -1.0 -1.0 -1.0 -1.0 
428 8 20 75.0 0.78 -1.0 -1.0 -1.0 -1.0 -1.0 -1.0 -1.0 -1.0 -1.0 -1.0 
449 8 21 75.0 0.82 -1.0 -1.0 -1.0 -1.0 -1.0 -1.0 -1.0 -1.0 -1.0 -1.0 
470 8 22 75.0 0.86 -1.0 -1.0 -1.0 -1.0 -1.0 -1.0 -1.0 -1.0 -1.0 -1.0 
491 8 23 75.0 0.9 -1.0 -1.0 -1.0 -1.0 -1.0 -1.0 -1.0 -1.0 -1.0 -1.0 
512 8 24 75.0 0.94 -1.0 -1.0 -1.0 -1.0 -1.0 -1.0 -1.0 -1.0 -1.0 -1.0 
533 8 25 75.0 0.98 -1.0 -1.0 -1.0 -1.0 -1.0 -1.0 -1.0 -1.0 -1.0 -1.0 
554 8 26 75.0 1.02 -1.0 -1.0 -1.0 -1.0 -1.0 -1.0 -1.0 -1.0 -1.0 -1.0 
575 8 27 75.0 1.06 -1.0 -1.0 -1.0 -1.0 -1.0 -1.0 -1.0 -1.0 -1.0 -1.0 
596 8 28 75.0 1.1 -1.0 -1.0 -1.0 -1.0 -1.0 -1.0 -1.0 -1.0 -1.0 -1.0 
617 8 29 75.0 1.14 -1.0 -1.0 -1.0 -1.0 -1.0 -1.0 -1.0 -1.0 -1.0 -1.0 
638 8 30 75.0 1.18 -1.0 -1.0 -1.0 -1.0 -1.0 -1.0 -1.0 -1.0 -1.0 -1.0 
30 9 1 85.0 0.02 -1.0 -1.0 -1.0 -1.0 -1.0 -1.0 -1.0 -1.0 -1.0 -1.0 
51 9 2 85.0 0.06 -1.0 -1.0 -1.0 -1.0 -1.0 -1.0 -1.0 -1.0 -1.0 -1.0 
72 9 3 85.0 0.1 -1.0 -1.0 -1.0 -1.0 -1.0 -1.0 -1.0 -1.0 -1.0 -1.0 
93 9 4 85.0 0.14 -1.0 -1.0 -1.0 -1.0 -1.0 -1.0 -1.0 -1.0 -1.0 -1.0 
114 9 5 85.0 0.18 -1.0 -1.0 -1.0 -1.0 -1.0 -1.0 -1.0 -1.0 -1.0 -1.0 
135 9 6 85.0 0.22 -1.0 -1.0 -1.0 -1.0 -1.0 -1.0 -1.0 -1.0 -1.0 -1.0 
156 9 7 85.0 0.26 -1.0 -1.0 -1.0 -1.0 -1.0 -1.0 -1.0 -1.0 -1.0 -1.0 
177 9 8 85.0 0.3 -1.0 -1.0 -1.0 -1.0 -1.0 -1.0 -1.0 -1.0 -1.0 -1.0 
198 9 9 85.0 0.34 -1.0 -1.0 -1.0 -1.0 -1.0 -1.0 -1.0 -1.0 -1.0 -1.0 
219 9 10 85.0 0.38 -1.0 -1.0 -1.0 -1.0 -1.0 -1.0 -1.0 -1.0 -1.0 -1.0 
240 9 11 85.0 0.42 -1.0 -1.0 -1.0 -1.0 -1.0 -1.0 -1.0 -1.0 -1.0 -1.0 
261 9 12 85.0 0.46 -1.0 -1.0 -1.0 -1.0 -1.0 -1.0 -1.0 -1.0 -1.0 -1.0 
282 9 13 85.0 0.5 -1.0 -1.0 -1.0 -1.0 -1.0 -1.0 -1.0 -1.0 -1.0 -1.0 
303 9 14 85.0 0.54 -1.0 -1.0 -1.0 -1.0 -1.0 -1.0 -1.0 -1.0 -1.0 -1.0 
324 9 15 85.0 0.58 -1.0 -1.0 -1.0 -1.0 -1.0 -1.0 -1.0 -1.0 -1.0 -1.0 
345 9 16 85.0 0.62 -1.0 -1.0 -1.0 -1.0 -1.0 -1.0 -1.0 -1.0 -1.0 -1.0 
366 9 17 85.0 0.66 -1.0 -1.0 -1.0 -1.0 -1.0 -1.0 -1.0 -1.0 -1.0 -1.0 
387 9 18 85.0 0.7 -1.0 -1.0 -1.0 -1.0 -1.0 -1.0 -1.0 -1.0 -1.0 -1.0 
408 9 19 85.0 0.74 -1.0 -1.0 -1.0 -1.0 -1.0 -1.0 -1.0 -1.0 -1.0 -1.0 
429 9 20 85.0 0.78 -1.0 -1.0 -1.0 -1.0 -1.0 -1.0 -1.0 -1.0 -1.0 -1.0 
450 9 21 85.0 0.82 -1.0 -1.0 -1.0 -1.0 -1.0 -1.0 -1.0 -1.0 -1.0 -1.0 
471 9 22 85.0 0.86 -1.0 -1.0 -1.0 -1.0 -1.0 -1.0 -1.0 -1.0 -1.0 -1.0 
492 9 23 85.0 0.9 -1.0 -1.0 -1.0 -1.0 -1.0 -1.0 -1.0 -1.0 -1.0 -1.0 
513 9 24 85.0 0.94 -1.0 -1.0 -1.0 -1.0 -1.0 -1.0 -1.0 -1.0 -1.0 -1.0 
534 9 25 85.0 0.98 -1.0 -1.0 -1.0 -1.0 -1.0 -1.0 -1.0 -1.0 -1.0 -1.0 
555 9 26 85.0 1.02 -1.0 -1.0 -1.0 -1.0 -1.0 -1.0 -1.0 -1.0 -1.0 -1.0 
576 9 27 85.0 1.06 -1.0 -1.0 -1.0 -1.0 -1.0 -1.0 -1.0 -1.0 -1.0 -1.0 
597 9 28 85.0 1.1 -1.0 -1.0 -1.0 -1.0 -1.0 -1.0 -1.0 -1.0 -1.0 -1.0 
618 9 29 85.0 1.14 -1.0 -1.0 -1.0 -1.0 -1.0 -1.0 -1.0 -1.0 -1.0 -1.0 
639 9 30 85.0 1.18 -1.0 -1.0 -1.0 -1.0 -1.0 -1.0 -1.0 -1.0 -1.0 -1.0 
31 10 1 95.0 0.02 -1.0 -1.0 -1.0 -1.0 -1.0 -1.0 -1.0 -1.0 -1.0 -1.0 
52 10 2 95.0 0.06 -1.0 -1.0 -1.0 -1.0 -1.0 -1.0 -1.0 -1.0 -1.0 -1.0 
73 10 3 95.0 0.1 -1.0 -1.0 -1.0 -1.0 -1.0 -1.0 -1.0 -1.0 -1.0 -1.0 
94 10 4 95.0 0.14 -1.0 -1.0 -1.0 -1.0 -1.0 -1.0 -1.0 -1.0 -1.0 -1.0 
115 10 5 95.0 0.18 -1.0 -1.0 -1.0 -1.0 -1.0 -1.0 -1.0 -1.0 -1.0 -1.0 
136 10 6 95.0 0.22 -1.0 -1.0 -1.0 -1.0 -1.0 -1.0 -1.0 -1.0 -1.0 -1.0 
157 10 7 95.0 0.26 -1.0 -1.0 -1.0 -1.0 -1.0 -1.0 -1.0 -1.0 -1.0 -1.0 
178 10 8 95.0 0.3 -1.0 -1.0 -1.0 -1.0 -1.0 -1.0 -1.0 -1.0 -1.0 -1.0 
199 10 9 95.0 0.34 -1.0 -1.0 -1.0 -1.0 -1.0 -1.0 -1.0 -1.0 -1.0 -1.0 
220 10 10 95.0 0.38 -1.0 -1.0 -1.0 -1.0 -1.0 -1.0 -1.0 -1.0 -1.0 -1.0 
241 10 11 95.0 0.42 -1.0 -1.0 -1.0 -1.0 -1.0 -1.0 -1.0 -1.0 -1.0 -1.0 
262 10 12 95.0 0.46 -1.0 -1.0 -1.0 -1.0 -1.0 -1.0 -1.0 -1.0 -1.0 -1.0 
283 10 13 95.0 0.5 -1.0 -1.0 -1.0 -1.0 -1.0 -1.0 -1.0 -1.0 -1.0 -1.0 
304 10 14 95.0 0.54 -1.0 -1.0 -1.0 -1.0 -1.0 -1.0 -1.0 -1.0 -1.0 -1.0 
325 10 15 95.0 0.58 -1.0 -1.0 -1.0 -1.0 -1.0 -1.0 -1.0 -1.0 -1.0 -1.0 
346 10 16 95.0 0.62 -1.0 -1.0 -1.0 -1.0 -1.0 -1.0 -1.0 -1.0 -1.0 -1.0 
367 10 17 95.0 0.66 -1.0 -1.0 -1.0 -1.0 -1.0 -1.0 -1.0 -1.0 -1.0 -1.0 
388 10 18 95.0 0.7 -1.0 -1.0 -1.0 -1.0 -1.0 -1.0 -1.0 -1.0 -1.0 -1.0 
409 10 19 95.0 0.74 -1.0 -1.0 -1.0 -1.0 -1.0 -1.0 -1.0 -1.0 -1.0 -1.0 
430 10 20 95.0 0.78 -1.0 -1.0 -1.0 -1.0 -1.0 -1.0 -1.0 -1.0 -1.0 -1.0 
451 10 21 95.0 0.82 -1.0 -1.0 -1.0 -1.0 -1.0 -1.0 -1.0 -1.0 -1.0 -1.0 
472 10 22 95.0 0.86 -1.0 -1.0 -1.0 -1.0 -1.0 -1.0 -1.0 -1.0 -1.0 -1.0 
493 10 23 95.0 0.9 -1.0 -1.0 -1.0 -1.0 -1.0 -1.0 -1.0 -1.0 -1.0 -1.0 
514 10 24 95.0 0.94 -1.0 -1.0 -1.0 -1.0 -1.0 -1.0 -1.0 -1.0 -1.0 -1.0 
535 10 25 95.0 0.98 -1.0 -1.0 -1.0 -1.0 -1.0 -1.0 -1.0 -1.0 -1.0 -1.0 
556 10 26 95.0 1.02 -1.0 -1.0 -1.0 -1.0 -1.0 -1.0 -1.0 -1.0 -1.0 -1.0 
577 10 27 95.0 1.06 -1.0 -1.0 -1.0 -1.0 -1.0 -1.0 -1.0 -1.0 -1.0 -1.0 
598 10 28 95.0 1.1 -1.0 -1.0 -1.0 -1.0 -1.0 -1.0 -1.0 -1.0 -1.0 -1.0 
619 10 29 95.0 1.14 -1.0 -1.0 -1.0 -1.0 -1.0 -1.0 -1.0 -1.0 -1.0 -1.0 
640 10 30 95.0 1.18 -1.0 -1.0 -1.0 -1.0 -1.0 -1.0 -1.0 -1.0 -1.0 -1.0 
32 11 1 105.0 0.02 -1.0 -1.0 -1.0 -1.0 -1.0 -1.0 -1.0 -1.0 -1.0 -1.0 
53 11 2 105.0 0.06 -1.0 -1.0 -1.0 -1.0 -1.0 -1.0 -1.0 -1.0 -1.0 -1.0 
74 11 3 105.0 0.1 -1.0 -1.0 -1.0 -1.0 -1.0 -1.0 -1.0 -1.0 -1.0 -1.0 
95 11 4 105.0 0.14 -1.0 -1.0 -1.0 -1.0 -1.0 -1.0 -1.0 -1.0 -1.0 -1.0 
116 11 5 105.0 0.18 -1.0 -1.0 -1.0 -1.0 -1.0 -1.0 -1.0 -1.0 -1.0 -1.0 
137 11 6 105.0 0.22 -1.0 -1.0 -1.0 -1.0 -1.0 -1.0 -1.0 -1.0 -1.0 -1.0 
158 11 7 105.0 0.26 -1.0 -1.0 -1.0 -1.0 -1.0 -1.0 -1.0 -1.0 -1.0 -1.0 
179 11 8 105.0 0.3 -1.0 -1.0 -1.0 -1.0 -1.0 -1.0 -1.0 -1.0 -1.0 -1.0 
200 11 9 105.0 0.34 -1.0 -1.0 -1.0 -1.0 -1.0 -1.0 -1.0 -1.0 -1.0 -1.0 
221 11 10 105.0 0.38 -1.0 -1.0 -1.0 -1.0 -1.0 -1.0 -1.0 -1.0 -1.0 -1.0 
242 11 11 105.0 0.42 -1.0 -1.0 -1.0 -1.0 -1.0 -1.0 -1.0 -1.0 -1.0 -1.0 
263 11 12 105.0 0.46 -1.0 -1.0 -1.0 -1.0 -1.0 -1.0 -1.0 -1.0 -1.0 -1.0 
284 11 13 105.0 0.5 -1.0 -1.0 -1.0 -1.0 -1.0 -1.0 -1.0 -1.0 -1.0 -1.0 
305 11 14 105.0 0.54 -1.0 -1.0 -1.0 -1.0 -1.0 -1.0 -1.0 -1.0 -1.0 -1.0 
326 11 15 105.0 0.58 -1.0 -1.0 -1.0 -1.0 -1.0 -1.0 -1.0 -1.0 -1.0 -1.0 
347 11 16 105.0 0.62 -1.0 -1.0 -1.0 -1.0 -1.0 -1.0 -1.0 -1.0 -1.0 -1.0 
368 11 17 105.0 0.66 -1.0 -1.0 -1.0 -1.0 -1.0 -1.0 -1.0 -1.0 -1.0 -1.0 
389 11 18 105.0 0.7 -1.0 -1.0 -1.0 -1.0 -1.0 -1.0 -1.0 -1.0 -1.0 -1.0 
410 11 19 105.0 0.74 -1.0 -1.0 -1.0 -1.0 -1.0 -1.0 -1.0 -1.0 -1.0 -1.0 
431 11 20 105.0 0.78 -1.0 -1.0 -1.0 -1.0 -1.0 -1.0 -1.0 -1.0 -1.0 -1.0 
452 11 21 105.0 0.82 -1.0 -1.0 -1.0 -1.0 -1.0 -1.0 -1.0 -1.0 -1.0 -1.0 
473 11 22 105.0 0.86 -1.0 -1.0 -1.0 -1.0 -1.0 -1.0 -1.0 -1.0 -1.0 -1.0 
494 11 23 105.0 0.9 -1.0 -1.0 -1.0 -1.0 -1.0 -1.0 -1.0 -1.0 -1.0 -1.0 
515 11 24 105.0 0.94 -1.0 -1.0 -1.0 -1.0 -1.0 -1.0 -1.0 -1.0 -1.0 -1.0 
536 11 25 105.0 0.98 -1.0 -1.0 -1.0 -1.0 -1.0 -1.0 -1.0 -1.0 -1.0 -1.0 
557 11 26 105.0 1.02 -1.0 -1.0 -1.0 -1.0 -1.0 -1.0 -1.0 -1.0 -1.0 -1.0 
578 11 27 105.0 1.06 -1.0 -1.0 -1.0 -1.0 -1.0 -1.0 -1.0 -1.0 -1.0 -1.0 
599 11 28 105.0 1.1 -1.0 -1.0 -1.0 -1.0 -1.0 -1.0 -1.0 -1.0 -1.0 -1.0 
620 11 29 105.0 1.14 -1.0 -1.0 -1.0 -1.0 -1.0 -1.0 -1.0 -1.0 -1.0 -1.0 
641 11 30 105.0 1.18 -1.0 -1.0 -1.0 -1.0 -1.0 -1.0 -1.0 -1.0 -1.0 -1.0 
33 12 1 115.0 0.02 -1.0 -1.0 -1.0 -1.0 -1.0 -1.0 -1.0 -1.0 -1.0 -1.0 
54 12 2 115.0 0.06 -1.0 -1.0 -1.0 -1.0 -1.0 -1.0 -1.0 -1.0 -1.0 -1.0 
75 12 3 115.0 0.1 -1.0 -1.0 -1.0 -1.0 -1.0 -1.0 -1.0 -1.0 -1.0 -1.0 
96 12 4 115.0 0.14 -1.0 -1.0 -1.0 -1.0 -1.0 -1.0 -1.0 -1.0 -1.0 -1.0 
117 12 5 115.0 0.18 -1.0 -1.0 -1.0 -1.0 -1.0 -1.0 -1.0 -1.0 -1.0 -1.0 
138 12 6 115.0 0.22 -1.0 -1.0 -1.0 -1.0 -1.0 -1.0 -1.0 -1.0 -1.0 -1.0 
159 12 7 115.0 0.26 -1.0 -1.0 -1.0 -1.0 -1.0 -1.0 -1.0 -1.0 -1.0 -1.0 
180 12 8 115.0 0.3 -1.0 -1.0 -1.0 -1.0 -1.0 -1.0 -1.0 -1.0 -1.0 -1.0 
201 12 9 115.0 0.34 -1.0 -1.0 -1.0 -1.0 -1.0 -1.0 -1.0 -1.0 -1.0 -1.0 
222 12 10 115.0 0.38 -1.0 -1.0 -1.0 -1.0 -1.0 -1.0 -1.0 -1.0 -1.0 -1.0 
243 12 11 115.0 0.42 -1.0 -1.0 -1.0 -1.0 -1.0 -1.0 -1.0 -1.0 -1.0 -1.0 
264 12 12 115.0 0.46 -1.0 -1.0 -1.0 -1.0 -1.0 -1.0 -1.0 -1.0 -1.0 -1.0 
285 12 13 115.0 0.5 -1.0 -1.0 -1.0 -1.0 -1.0 -1.0 -1.0 -1.0 -1.0 -1.0 
306 12 14 115.0 0.54 -1.0 -1.0 -1.0 -1.0 -1.0 -1.0 -1.0 -1.0 -1.0 -1.0 
327 12 15 115.0 0.58 -1.0 -1.0 -1.0 -1.0 -1.0 -1.0 -1.0 -1.0 -1.0 -1.0 
348 12 16 115.0 0.62 -1.0 -1.0 -1.0 -1.0 -1.0 -1.0 -1.0 -1.0 -1.0 -1.0 
369 12 17 115.0 0.66 -1.0 -1.0 -1.0 -1.0 -1.0 -1.0 -1.0 -1.0 -1.0 -1.0 
390 12 18 115.0 0.7 -1.0 -1.0 -1.0 -1.0 -1.0 -1.0 -1.0 -1.0 -1.0 -1.0 
411 12 19 115.0 0.74 -1.0 -1.0 -1.0 -1.0 -1.0 -1.0 -1.0 -1.0 -1.0 -1.0 
432 12 20 115.0 0.78 -1.0 -1.0 -1.0 -1.0 -1.0 -1.0 -1.0 -1.0 -1.0 -1.0 
453 12 21 115.0 0.82 -1.0 -1.0 -1.0 -1.0 -1.0 -1.0 -1.0 -1.0 -1.0 -1.0 
474 12 22 115.0 0.86 -1.0 -1.0 -1.0 -1.0 -1.0 -1.0 -1.0 -1.0 -1.0 -1.0 
495 12 23 115.0 0.9 -1.0 -1.0 -1.0 -1.0 -1.0 -1.0 -1.0 -1.0 -1.0 -1.0 
516 12 24 115.0 0.94 -1.0 -1.0 -1.0 -1.0 -1.0 -1.0 -1.0 -1.0 -1.0 -1.0 
537 12 25 115.0 0.98 -1.0 -1.0 -1.0 -1.0 -1.0 -1.0 -1.0 -1.0 -1.0 -1.0 
558 12 26 115.0 1.02 -1.0 -1.0 -1.0 -1.0 -1.0 -1.0 -1.0 -1.0 -1.0 -1.0 
579 12 27 115.0 1.06 -1.0 -1.0 -1.0 -1.0 -1.0 -1.0 -1.0 -1.0 -1.0 -1.0 
600 12 28 115.0 1.1 -1.0 -1.0 -1.0 -1.0 -1.0 -1.0 -1.0 -1.0 -1.0 -1.0 
621 12 29 115.0 1.14 -1.0 -1.0 -1.0 -1.0 -1.0 -1.0 -1.0 -1.0 -1.0 -1.0 
642 12 30 115.0 1.18 -1.0 -1.0 -1.0 -1.0 -1.0 -1.0 -1.0 -1.0 -1.0 -1.0 
34 13 1 125.0 0.02 -1.0 -1.0 -1.0 -1.0 -1.0 -1.0 -1.0 -1.0 -1.0 -1.0 
55 13 2 125.0 0.06 -1.0 -1.0 -1.0 -1.0 -1.0 -1.0 -1.0 -1.0 -1.0 -1.0 
76 13 3 125.0 0.1 -1.0 -1.0 -1.0 -1.0 -1.0 -1.0 -1.0 -1.0 -1.0 -1.0 
97 13 4 125.0 0.14 -1.0 -1.0 -1.0 -1.0 -1.0 -1.0 -1.0 -1.0 -1.0 -1.0 
118 13 5 125.0 0.18 -1.0 -1.0 -1.0 -1.0 -1.0 -1.0 -1.0 -1.0 -1.0 -1.0 
139 13 6 125.0 0.22 -1.0 -1.0 -1.0 -1.0 -1.0 -1.0 -1.0 -1.0 -1.0 -1.0 
160 13 7 125.0 0.26 -1.0 -1.0 -1.0 -1.0 -1.0 -1.0 -1.0 -1.0 -1.0 -1.0 
181 13 8 125.0 0.3 -1.0 -1.0 -1.0 -1.0 -1.0 -1.0 -1.0 -1.0 -1.0 -1.0 
202 13 9 125.0 0.34 -1.0 -1.0 -1.0 -1.0 -1.0 -1.0 -1.0 -1.0 -1.0 -1.0 
223 13 10 125.0 0.38 -1.0 -1.0 -1.0 -1.0 -1.0 -1.0 -1.0 -1.0 -1.0 -1.0 
244 13 11 125.0 0.42 -1.0 -1.0 -1.0 -1.0 -1.0 -1.0 -1.0 -1.0 -1.0 -1.0 
265 13 12 125.0 0.46 -1.0 -1.0 -1.0 -1.0 -1.0 -1.0 -1.0 -1.0 -1.0 -1.0 
286 13 13 125.0 0.5 -1.0 -1.0 -1.0 -1.0 -1.0 -1.0 -1.0 -1.0 -1.0 -1.0 
307 13 14 125.0 0.54 -1.0 -1.0 -1.0 -1.0 -1.0 -1.0 -1.0 -1.0 -1.0 -1.0 
328 13 15 125.0 0.58 -1.0 -1.0 -1.0 -1.0 -1.0 -1.0 -1.0 -1.0 -1.0 -1.0 
349 13 16 125.0 0.62 -1.0 -1.0 -1.0 -1.0 -1.0 -1.0 -1.0 -1.0 -1.0 -1.0 
370 13 17 125.0 0.66 -1.0 -1.0 -1.0 -1.0 -1.0 -1.0 -1.0 -1.0 -1.0 -1.0 
391 13 18 125.0 0.7 -1.0 -1.0 -1.0 -1.0 -1.0 -1.0 -1.0 -1.0 -1.0 -1.0 
412 13 19 125.0 0.74 -1.0 -1.0 -1.0 -1.0 -1.0 -1.0 -1.0 -1.0 -1.0 -1.0 
433 13 20 125.0 0.78 -1.0 -1.0 -1.0 -1.0 -1.0 -1.0 -1.0 -1.0 -1.0 -1.0 
454 13 21 125.0 0.82 -1.0 -1.0 -1.0 -1.0 -1.0 -1.0 -1.0 -1.0 -1.0 -1.0 
475 13 22 125.0 0.86 -1.0 -1.0 -1.0 -1.0 -1.0 -1.0 -1.0 -1.0 -1.0 -1.0 
496 13 23 125.0 0.9 -1.0 -1.0 -1.0 -1.0 -1.0 -1.0 -1.0 -1.0 -1.0 -1.0 
517 13 24 125.0 0.94 -1.0 -1.0 -1.0 -1.0 -1.0 -1.0 -1.0 -1.0 -1.0 -1.0 
538 13 25 125.0 0.98 -1.0 -1.0 -1.0 -1.0 -1.0 -1.0 -1.0 -1.0 -1.0 -1.0 
559 13 26 125.0 1.02 -1.0 -1.0 -1.0 -1.0 -1.0 -1.0 -1.0 -1.0 -1.0 -1.0 
580 13 27 125.0 1.06 -1.0 -1.0 -1.0 -1.0 -1.0 -1.0 -1.0 -1.0 -1.0 -1.0 
601 13 28 125.0 1.1 -1.0 -1.0 -1.0 -1.0 -1.0 -1.0 -1.0 -1.0 -1.0 -1.0 
622 13 29 125.0 1.14 -1.0 -1.0 -1.0 -1.0 -1.0 -1.0 -1.0 -1.0 -1.0 -1.0 
643 13 30 125.0 1.18 -1.0 -1.0 -1.0 -1.0 -1.0 -1.0 -1.0 -1.0 -1.0 -1.0 
35 14 1 135.0 0.02 -1.0 -1.0 -1.0 -1.0 -1.0 -1.0 -1.0 -1.0 -1.0 -1.0 
56 14 2 135.0 0.06 -1.0 -1.0 -1.0 -1.0 -1.0 -1.0 -1.0 -1.0 -1.0 -1.0 
77 14 3 135.0 0.1 -1.0 -1.0 -1.0 -1.0 -1.0 -1.0 -1.0 -1.0 -1.0 -1.0 
98 14 4 135.0 0.14 -1.0 -1.0 -1.0 -1.0 -1.0 -1.0 -1.0 -1.0 -1.0 -1.0 
119 14 5 135.0 0.18 -1.0 -1.0 -1.0 -1.0 -1.0 -1.0 -1.0 -1.0 -1.0 -1.0 
140 14 6 135.0 0.22 -1.0 -1.0 -1.0 -1.0 -1.0 -1.0 -1.0 -1.0 -1.0 -1.0 
161 14 7 135.0 0.26 -1.0 -1.0 -1.0 -1.0 -1.0 -1.0 -1.0 -1.0 -1.0 -1.0 
182 14 8 135.0 0.3 -1.0 -1.0 -1.0 -1.0 -1.0 -1.0 -1.0 -1.0 -1.0 -1.0 
203 14 9 135.0 0.34 -1.0 -1.0 -1.0 -1.0 -1.0 -1.0 -1.0 -1.0 -1.0 -1.0 
224 14 10 135.0 0.38 -1.0 -1.0 -1.0 -1.0 -1.0 -1.0 -1.0 -1.0 -1.0 -1.0 
245 14 11 135.0 0.42 -1.0 -1.0 -1.0 -1.0 -1.0 -1.0 -1.0 -1.0 -1.0 -1.0 
266 14 12 135.0 0.46 -1.0 -1.0 -1.0 -1.0 -1.0 -1.0 -1.0 -1.0 -1.0 -1.0 
287 14 13 135.0 0.5 -1.0 -1.0 -1.0 -1.0 -1.0 -1.0 -1.0 -1.0 -1.0 -1.0 
308 14 14 135.0 0.54 -1.0 -1.0 -1.0 -1.0 -1.0 -1.0 -1.0 -1.0 -1.0 -1.0 
329 14 15 135.0 0.58 -1.0 -1.0 -1.0 -1.0 -1.0 -1.0 -1.0 -1.0 -1.0 -1.0 
350 14 16 135.0 0.62 -1.0 -1.0 -1.0 -1.0 -1.0 -1.0 -1.0 -1.0 -1.0 -1.0 
371 14 17 135.0 0.66 -1.0 -1.0 -1.0 -1.0 -1.0 -1.0 -1.0 -1.0 -1.0 -1.0 
392 14 18 135.0 0.7 -1.0 -1.0 -1.0 -1.0 -1.0 -1.0 -1.0 -1.0 -1.0 -1.0 
413 14 19 135.0 0.74 -1.0 -1.0 -1.0 -1.0 -1.0 -1.0 -1.0 -1.0 -1.0 -1.0 
434 14 20 135.0 0.78 -1.0 -1.0 -1.0 -1.0 -1.0 -1.0 -1.0 -1.0 -1.0 -1.0 
455 14 21 135.0 0.82 -1.0 -1.0 -1.0 -1.0 -1.0 -1.0 -1.0 -1.0 -1.0 -1.0 
476 14 22 135.0 0.86 -1.0 -1.0 -1.0 -1.0 -1.0 -1.0 -1.0 -1.0 -1.0 -1.0 
497 14 23 135.0 0.9 -1.0 -1.0 -1.0 -1.0 -1.0 -1.0 -1.0 -1.0 -1.0 -1.0 
518 14 24 135.0 0.94 -1.0 -1.0 -1.0 -1.0 -1.0 -1.0 -1.0 -1.0 -1.0 -1.0 
539 14 25 135.0 0.98 -1.0 -1.0 -1.0 -1.0 -1.0 -1.0 -1.0 -1.0 -1.0 -1.0 
560 14 26 135.0 1.02 -1.0 -1.0 -1.0 -1.0 -1.0 -1.0 -1.0 -1.0 -1.0 -1.0 
581 14 27 135.0 1.06 -1.0 -1.0 -1.0 -1.0 -1.0 -1.0 -1.0 -1.0 -1.0 -1.0 
602 14 28 135.0 1.1 -1.0 -1.0 -1.0 -1.0 -1.0 -1.0 -1.0 -1.0 -1.0 -1.0 
623 14 29 135.0 1.14 -1.0 -1.0 -1.0 -1.0 -1.0 -1.0 -1.0 -1.0 -1.0 -1.0 
644 14 30 135.0 1.18 -1.0 -1.0 -1.0 -1.0 -1.0 -1.0 -1.0 -1.0 -1.0 -1.0 
36 15 1 145.0 0.02 -1.0 -1.0 -1.0 -1.0 -1.0 -1.0 -1.0 -1.0 -1.0 -1.0 
57 15 2 145.0 0.06 -1.0 -1.0 -1.0 -1.0 -1.0 -1.0 -1.0 -1.0 -1.0 -1.0 
78 15 3 145.0 0.1 -1.0 -1.0 -1.0 -1.0 -1.0 -1.0 -1.0 -1.0 -1.0 -1.0 
99 15 4 145.0 0.14 -1.0 -1.0 -1.0 -1.0 -1.0 -1.0 -1.0 -1.0 -1.0 -1.0 
120 15 5 145.0 0.18 -1.0 -1.0 -1.0 -1.0 -1.0 -1.0 -1.0 -1.0 -1.0 -1.0 
141 15 6 145.0 0.22 -1.0 -1.0 -1.0 -1.0 -1.0 -1.0 -1.0 -1.0 -1.0 -1.0 
162 15 7 145.0 0.26 -1.0 -1.0 -1.0 -1.0 -1.0 -1.0 -1.0 -1.0 -1.0 -1.0 
183 15 8 145.0 0.3 -1.0 -1.0 -1.0 -1.0 -1.0 -1.0 -1.0 -1.0 -1.0 -1.0 
204 15 9 145.0 0.34 -1.0 -1.0 -1.0 -1.0 -1.0 -1.0 -1.0 -1.0 -1.0 -1.0 
225 15 10 145.0 0.38 -1.0 -1.0 -1.0 -1.0 -1.0 -1.0 -1.0 -1.0 -1.0 -1.0 
246 15 11 145.0 0.42 -1.0 -1.0 -1.0 -1.0 -1.0 -1.0 -1.0 -1.0 -1.0 -1.0 
267 15 12 145.0 0.46 -1.0 -1.0 -1.0 -1.0 -1.0 -1.0 -1.0 -1.0 -1.0 -1.0 
288 15 13 145.0 0.5 -1.0 -1.0 -1.0 -1.0 -1.0 -1.0 -1.0 -1.0 -1.0 -1.0 
309 15 14 145.0 0.54 -1.0 -1.0 -1.0 -1.0 -1.0 -1.0 -1.0 -1.0 -1.0 -1.0 
330 15 15 145.0 0.58 -1.0 -1.0 -1.0 -1.0 -1.0 -1.0 -1.0 -1.0 -1.0 -1.0 
351 15 16 145.0 0.62 -1.0 -1.0 -1.0 -1.0 -1.0 -1.0 -1.0 -1.0 -1.0 -1.0 
372 15 17 145.0 0.66 -1.0 -1.0 -1.0 -1.0 -1.0 -1.0 -1.0 -1.0 -1.0 -1.0 
393 15 18 145.0 0.7 -1.0 -1.0 -1.0 -1.0 -1.0 -1.0 -1.0 -1.0 -1.0 -1.0 
414 15 19 145.0 0.74 -1.0 -1.0 -1.0 -1.0 -1.0 -1.0 -1.0 -1.0 -1.0 -1.0 
435 15 20 145.0 0.78 -1.0 -1.0 -1.0 -1.0 -1.0 -1.0 -1.0 -1.0 -1.0 -1.0 
456 15 21 145.0 0.82 -1.0 -1.0 -1.0 -1.0 -1.0 -1.0 -1.0 -1.0 -1.0 -1.0 
477 15 22 145.0 0.86 -1.0 -1.0 -1.0 -1.0 -1.0 -1.0 -1.0 -1.0 -1.0 -1.0 
498 15 23 145.0 0.9 -1.0 -1.0 -1.0 -1.0 -1.0 -1.0 -1.0 -1.0 -1.0 -1.0 
519 15 24 145.0 0.94 -1.0 -1.0 -1.0 -1.0 -1.0 -1.0 -1.0 -1.0 -1.0 -1.0 
540 15 25 145.0 0.98 -1.0 -1.0 -1.0 -1.0 -1.0 -1.0 -1.0 -1.0 -1.0 -1.0 
561 15 26 145.0 1.02 -1.0 -1.0 -1.0 -1.0 -1.0 -1.0 -1.0 -1.0 -1.0 -1.0 
582 15 27 145.0 1.06 -1.0 -1.0 -1.0 -1.0 -1.0 -1.0 -1.0 -1.0 -1.0 -1.0 
603 15 28 145.0 1.1 -1.0 -1.0 -1.0 -1.0 -1.0 -1.0 -1.0 -1.0 -1.0 -1.0 
624 15 29 145.0 1.14 -1.0 -1.0 -1.0 -1.0 -1.0 -1.0 -1.0 -1.0 -1.0 -1.0 
645 15 30 145.0 1.18 -1.0 -1.0 -1.0 -1.0 -1.0 -1.0 -1.0 -1.0 -1.0 -1.0 
37 16 1 155.0 0.02 -1.0 -1.0 -1.0 -1.0 -1.0 -1.0 -1.0 -1.0 -1.0 -1.0 
58 16 2 155.0 0.06 -1.0 -1.0 -1.0 -1.0 -1.0 -1.0 -1.0 -1.0 -1.0 -1.0 
79 16 3 155.0 0.1 -1.0 -1.0 -1.0 -1.0 -1.0 -1.0 -1.0 -1.0 -1.0 -1.0 
100 16 4 155.0 0.14 -1.0 -1.0 -1.0 -1.0 -1.0 -1.0 -1.0 -1.0 -1.0 -1.0 
121 16 5 155.0 0.18 -1.0 -1.0 -1.0 -1.0 -1.0 -1.0 -1.0 -1.0 -1.0 -1.0 
142 16 6 155.0 0.22 -1.0 -1.0 -1.0 -1.0 -1.0 -1.0 -1.0 -1.0 -1.0 -1.0 
163 16 7 155.0 0.26 -1.0 -1.0 -1.0 -1.0 -1.0 -1.0 -1.0 -1.0 -1.0 -1.0 
184 16 8 155.0 0.3 -1.0 -1.0 -1.0 -1.0 -1.0 -1.0 -1.0 -1.0 -1.0 -1.0 
205 16 9 155.0 0.34 -1.0 -1.0 -1.0 -1.0 -1.0 -1.0 -1.0 -1.0 -1.0 -1.0 
226 16 10 155.0 0.38 -1.0 -1.0 -1.0 -1.0 -1.0 -1.0 -1.0 -1.0 -1.0 -1.0 
247 16 11 155.0 0.42 -1.0 -1.0 -1.0 -1.0 -1.0 -1.0 -1.0 -1.0 -1.0 -1.0 
268 16 12 155.0 0.46 -1.0 -1.0 -1.0 -1.0 -1.0 -1.0 -1.0 -1.0 -1.0 -1.0 
289 16 13 155.0 0.5 -1.0 -1.0 -1.0 -1.0 -1.0 -1.0 -1.0 -1.0 -1.0 -1.0 
310 16 14 155.0 0.54 -1.0 -1.0 -1.0 -1.0 -1.0 -1.0 -1.0 -1.0 -1.0 -1.0 
331 16 15 155.0 0.58 -1.0 -1.0 -1.0 -1.0 -1.0 -1.0 -1.0 -1.0 -1.0 -1.0 
352 16 16 155.0 0.62 -1.0 -1.0 -1.0 -1.0 -1.0 -1.0 -1.0 -1.0 -1.0 -1.0 
373 16 17 155.0 0.66 -1.0 -1.0 -1.0 -1.0 -1.0 -1.0 -1.0 -1.0 -1.0 -1.0 
394 16 18 155.0 0.7 -1.0 -1.0 -1.0 -1.0 -1.0 -1.0 -1.0 -1.0 -1.0 -1.0 
415 16 19 155.0 0.74 -1.0 -1.0 -1.0 -1.0 -1.0 -1.0 -1.0 -1.0 -1.0 -1.0 
436 16 20 155.0 0.78 -1.0 -1.0 -1.0 -1.0 -1.0 -1.0 -1.0 -1.0 -1.0 -1.0 
457 16 21 155.0 0.82 -1.0 -1.0 -1.0 -1.0 -1.0 -1.0 -1.0 -1.0 -1.0 -1.0 
478 16 22 155.0 0.86 -1.0 -1.0 -1.0 -1.0 -1.0 -1.0 -1.0 -1.0 -1.0 -1.0 
499 16 23 155.0 0.9 -1.0 -1.0 -1.0 -1.0 -1.0 -1.0 -1.0 -1.0 -1.0 -1.0 
520 16 24 155.0 0.94 -1.0 -1.0 -1.0 -1.0 -1.0 -1.0 -1.0 -1.0 -1.0 -1.0 
541 16 25 155.0 0.98 -1.0 -1.0 -1.0 -1.0 -1.0 -1.0 -1.0 -1.0 -1.0 -1.0 
562 16 26 155.0 1.02 -1.0 -1.0 -1.0 -1.0 -1.0 -1.0 -1.0 -1.0 -1.0 -1.0 
583 16 27 155.0 1.06 -1.0 -1.0 -1.0 -1.0 -1.0 -1.0 -1.0 -1.0 -1.0 -1.0 
604 16 28 155.0 1.1 -1.0 -1.0 -1.0 -1.0 -1.0 -1.0 -1.0 -1.0 -1.0 -1.0 
625 16 29 155.0 1.14 -1.0 -1.0 -1.0 -1.0 -1.0 -1.0 -1.0 -1.0 -1.0 -1.0 
646 16 30 155.0 1.18 -1.0 -1.0 -1.0 -1.0 -1.0 -1.0 -1.0 -1.0 -1.0 -1.0 
38 17 1 165.0 0.02 -1.0 -1.0 -1.0 -1.0 -1.0 -1.0 -1.0 -1.0 -1.0 -1.0 
59 17 2 165.0 0.06 -1.0 -1.0 -1.0 -1.0 -1.0 -1.0 -1.0 -1.0 -1.0 -1.0 
80 17 3 165.0 0.1 -1.0 -1.0 -1.0 -1.0 -1.0 -1.0 -1.0 -1.0 -1.0 -1.0 
101 17 4 165.0 0.14 -1.0 -1.0 -1.0 -1.0 -1.0 -1.0 -1.0 -1.0 -1.0 -1.0 
122 17 5 165.0 0.18 -1.0 -1.0 -1.0 -1.0 -1.0 -1.0 -1.0 -1.0 -1.0 -1.0 
143 17 6 165.0 0.22 -1.0 -1.0 -1.0 -1.0 -1.0 -1.0 -1.0 -1.0 -1.0 -1.0 
164 17 7 165.0 0.26 -1.0 -1.0 -1.0 -1.0 -1.0 -1.0 -1.0 -1.0 -1.0 -1.0 
185 17 8 165.0 0.3 -1.0 -1.0 -1.0 -1.0 -1.0 -1.0 -1.0 -1.0 -1.0 -1.0 
206 17 9 165.0 0.34 -1.0 -1.0 -1.0 -1.0 -1.0 -1.0 -1.0 -1.0 -1.0 -1.0 
227 17 10 165.0 0.38 -1.0 -1.0 -1.0 -1.0 -1.0 -1.0 -1.0 -1.0 -1.0 -1.0 
248 17 11 165.0 0.42 -1.0 -1.0 -1.0 -1.0 -1.0 -1.0 -1.0 -1.0 -1.0 -1.0 
269 17 12 165.0 0.46 -1.0 -1.0 -1.0 -1.0 -1.0 -1.0 -1.0 -1.0 -1.0 -1.0 
290 17 13 165.0 0.5 -1.0 -1.0 -1.0 -1.0 -1.0 -1.0 -1.0 -1.0 -1.0 -1.0 
311 17 14 165.0 0.54 -1.0 -1.0 -1.0 -1.0 -1.0 -1.0 -1.0 -1.0 -1.0 -1.0 
332 17 15 165.0 0.58 -1.0 -1.0 -1.0 -1.0 -1.0 -1.0 -1.0 -1.0 -1.0 -1.0 
353 17 16 165.0 0.62 -1.0 -1.0 -1.0 -1.0 -1.0 -1.0 -1.0 -1.0 -1.0 -1.0 
374 17 17 165.0 0.66 -1.0 -1.0 -1.0 -1.0 -1.0 -1.0 -1.0 -1.0 -1.0 -1.0 
395 17 18 165.0 0.7 -1.0 -1.0 -1.0 -1.0 -1.0 -1.0 -1.0 -1.0 -1.0 -1.0 
416 17 19 165.0 0.74 -1.0 -1.0 -1.0 -1.0 -1.0 -1.0 -1.0 -1.0 -1.0 -1.0 
437 17 20 165.0 0.78 -1.0 -1.0 -1.0 -1.0 -1.0 -1.0 -1.0 -1.0 -1.0 -1.0 
458 17 21 165.0 0.82 -1.0 -1.0 -1.0 -1.0 -1.0 -1.0 -1.0 -1.0 -1.0 -1.0 
479 17 22 165.0 0.86 -1.0 -1.0 -1.0 -1.0 -1.0 -1.0 -1.0 -1.0 -1.0 -1.0 
500 17 23 165.0 0.9 -1.0 -1.0 -1.0 -1.0 -1.0 -1.0 -1.0 -1.0 -1.0 -1.0 
521 17 24 165.0 0.94 -1.0 -1.0 -1.0 -1.0 -1.0 -1.0 -1.0 -1.0 -1.0 -1.0 
542 17 25 165.0 0.98 -1.0 -1.0 -1.0 -1.0 -1.0 -1.0 -1.0 -1.0 -1.0 -1.0 
563 17 26 165.0 1.02 -1.0 -1.0 -1.0 -1.0 -1.0 -1.0 -1.0 -1.0 -1.0 -1.0 
584 17 27 165.0 1.06 -1.0 -1.0 -1.0 -1.0 -1.0 -1.0 -1.0 -1.0 -1.0 -1.0 
605 17 28 165.0 1.1 -1.0 -1.0 -1.0 -1.0 -1.0 -1.0 -1.0 -1.0 -1.0 -1.0 
626 17 29 165.0 1.14 -1.0 -1.0 -1.0 -1.0 -1.0 -1.0 -1.0 -1.0 -1.0 -1.0 
647 17 30 165.0 1.18 -1.0 -1.0 -1.0 -1.0 -1.0 -1.0 -1.0 -1.0 -1.0 -1.0 
39 18 1 175.0 0.02 -1.0 -1.0 -1.0 -1.0 -1.0 -1.0 -1.0 -1.0 -1.0 -1.0 
60 18 2 175.0 0.06 -1.0 -1.0 -1.0 -1.0 -1.0 -1.0 -1.0 -1.0 -1.0 -1.0 
81 18 3 175.0 0.1 -1.0 -1.0 -1.0 -1.0 -1.0 -1.0 -1.0 -1.0 -1.0 -1.0 
102 18 4 175.0 0.14 -1.0 -1.0 -1.0 -1.0 -1.0 -1.0 -1.0 -1.0 -1.0 -1.0 
123 18 5 175.0 0.18 -1.0 -1.0 -1.0 -1.0 -1.0 -1.0 -1.0 -1.0 -1.0 -1.0 
144 18 6 175.0 0.22 -1.0 -1.0 -1.0 -1.0 -1.0 -1.0 -1.0 -1.0 -1.0 -1.0 
165 18 7 175.0 0.26 -1.0 -1.0 -1.0 -1.0 -1.0 -1.0 -1.0 -1.0 -1.0 -1.0 
186 18 8 175.0 0.3 -1.0 -1.0 -1.0 -1.0 -1.0 -1.0 -1.0 -1.0 -1.0 -1.0 
207 18 9 175.0 0.34 -1.0 -1.0 -1.0 -1.0 -1.0 -1.0 -1.0 -1.0 -1.0 -1.0 
228 18 10 175.0 0.38 -1.0 -1.0 -1.0 -1.0 -1.0 -1.0 -1.0 -1.0 -1.0 -1.0 
249 18 11 175.0 0.42 -1.0 -1.0 -1.0 -1.0 -1.0 -1.0 -1.0 -1.0 -1.0 -1.0 
270 18 12 175.0 0.46 -1.0 -1.0 -1.0 -1.0 -1.0 -1.0 -1.0 -1.0 -1.0 -1.0 
291 18 13 175.0 0.5 -1.0 -1.0 -1.0 -1.0 -1.0 -1.0 -1.0 -1.0 -1.0 -1.0 
312 18 14 175.0 0.54 -1.0 -1.0 -1.0 -1.0 -1.0 -1.0 -1.0 -1.0 -1.0 -1.0 
333 18 15 175.0 0.58 -1.0 -1.0 -1.0 -1.0 -1.0 -1.0 -1.0 -1.0 -1.0 -1.0 
354 18 16 175.0 0.62 -1.0 -1.0 -1.0 -1.0 -1.0 -1.0 -1.0 -1.0 -1.0 -1.0 
375 18 17 175.0 0.66 -1.0 -1.0 -1.0 -1.0 -1.0 -1.0 -1.0 -1.0 -1.0 -1.0 
396 18 18 175.0 0.7 -1.0 -1.0 -1.0 -1.0 -1.0 -1.0 -1.0 -1.0 -1.0 -1.0 
417 18 19 175.0 0.74 -1.0 -1.0 -1.0 -1.0 -1.0 -1.0 -1.0 -1.0 -1.0 -1.0 
438 18 20 175.0 0.78 -1.0 -1.0 -1.0 -1.0 -1.0 -1.0 -1.0 -1.0 -1.0 -1.0 
459 18 21 175.0 0.82 -1.0 -1.0 -1.0 -1.0 -1.0 -1.0 -1.0 -1.0 -1.0 -1.0 
480 18 22 175.0 0.86 -1.0 -1.0 -1.0 -1.0 -1.0 -1.0 -1.0 -1.0 -1.0 -1.0 
501 18 23 175.0 0.9 -1.0 -1.0 -1.0 -1.0 -1.0 -1.0 -1.0 -1.0 -1.0 -1.0 
522 18 24 175.0 0.94 -1.0 -1.0 -1.0 -1.0 -1.0 -1.0 -1.0 -1.0 -1.0 -1.0 
543 18 25 175.0 0.98 -1.0 -1.0 -1.0 -1.0 -1.0 -1.0 -1.0 -1.0 -1.0 -1.0 
564 18 26 175.0 1.02 -1.0 -1.0 -1.0 -1.0 -1.0 -1.0 -1.0 -1.0 -1.0 -1.0 
585 18 27 175.0 1.06 -1.0 -1.0 -1.0 -1.0 -1.0 -1.0 -1.0 -1.0 -1.0 -1.0 
606 18 28 175.0 1.1 -1.0 -1.0 -1.0 -1.0 -1.0 -1.0 -1.0 -1.0 -1.0 -1.0 
627 18 29 175.0 1.14 -1.0 -1.0 -1.0 -1.0 -1.0 -1.0 -1.0 -1.0 -1.0 -1.0 
648 18 30 175.0 1.18 -1.0 -1.0 -1.0 -1.0 -1.0 -1.0 -1.0 -1.0 -1.0 -1.0 
40 19 1 185.0 0.02 -1.0 -1.0 -1.0 -1.0 -1.0 -1.0 -1.0 -1.0 -1.0 -1.0 
61 19 2 185.0 0.06 -1.0 -1.0 -1.0 -1.0 -1.0 -1.0 -1.0 -1.0 -1.0 -1.0 
82 19 3 185.0 0.1 -1.0 -1.0 -1.0 -1.0 -1.0 -1.0 -1.0 -1.0 -1.0 -1.0 
103 19 4 185.0 0.14 -1.0 -1.0 -1.0 -1.0 -1.0 -1.0 -1.0 -1.0 -1.0 -1.0 
124 19 5 185.0 0.18 -1.0 -1.0 -1.0 -1.0 -1.0 -1.0 -1.0 -1.0 -1.0 -1.0 
145 19 6 185.0 0.22 -1.0 -1.0 -1.0 -1.0 -1.0 -1.0 -1.0 -1.0 -1.0 -1.0 
166 19 7 185.0 0.26 -1.0 -1.0 -1.0 -1.0 -1.0 -1.0 -1.0 -1.0 -1.0 -1.0 
187 19 8 185.0 0.3 -1.0 -1.0 -1.0 -1.0 -1.0 -1.0 -1.0 -1.0 -1.0 -1.0 
208 19 9 185.0 0.34 -1.0 -1.0 -1.0 -1.0 -1.0 -1.0 -1.0 -1.0 -1.0 -1.0 
229 19 10 185.0 0.38 -1.0 -1.0 -1.0 -1.0 -1.0 -1.0 -1.0 -1.0 -1.0 -1.0 
250 19 11 185.0 0.42 -1.0 -1.0 -1.0 -1.0 -1.0 -1.0 -1.0 -1.0 -1.0 -1.0 
271 19 12 185.0 0.46 -1.0 -1.0 -1.0 -1.0 -1.0 -1.0 -1.0 -1.0 -1.0 -1.0 
292 19 13 185.0 0.5 -1.0 -1.0 -1.0 -1.0 -1.0 -1.0 -1.0 -1.0 -1.0 -1.0 
313 19 14 185.0 0.54 -1.0 -1.0 -1.0 -1.0 -1.0 -1.0 -1.0 -1.0 -1.0 -1.0 
334 19 15 185.0 0.58 -1.0 -1.0 -1.0 -1.0 -1.0 -1.0 -1.0 -1.0 -1.0 -1.0 
355 19 16 185.0 0.62 -1.0 -1.0 -1.0 -1.0 -1.0 -1.0 -1.0 -1.0 -1.0 -1.0 
376 19 17 185.0 0.66 -1.0 -1.0 -1.0 -1.0 -1.0 -1.0 -1.0 -1.0 -1.0 -1.0 
397 19 18 185.0 0.7 -1.0 -1.0 -1.0 -1.0 -1.0 -1.0 -1.0 -1.0 -1.0 -1.0 
418 19 19 185.0 0.74 -1.0 -1.0 -1.0 -1.0 -1.0 -1.0 -1.0 -1.0 -1.0 -1.0 
439 19 20 185.0 0.78 -1.0 -1.0 -1.0 -1.0 -1.0 -1.0 -1.0 -1.0 -1.0 -1.0 
460 19 21 185.0 0.82 -1.0 -1.0 -1.0 -1.0 -1.0 -1.0 -1.0 -1.0 -1.0 -1.0 
481 19 22 185.0 0.86 -1.0 -1.0 -1.0 -1.0 -1.0 -1.0 -1.0 -1.0 -1.0 -1.0 
502 19 23 185.0 0.9 -1.0 -1.0 -1.0 -1.0 -1.0 -1.0 -1.0 -1.0 -1.0 -1.0 
523 19 24 185.0 0.94 -1.0 -1.0 -1.0 -1.0 -1.0 -1.0 -1.0 -1.0 -1.0 -1.0 
544 19 25 185.0 0.98 -1.0 -1.0 -1.0 -1.0 -1.0 -1.0 -1.0 -1.0 -1.0 -1.0 
565 19 26 185.0 1.02 -1.0 -1.0 -1.0 -1.0 -1.0 -1.0 -1.0 -1.0 -1.0 -1.0 
586 19 27 185.0 1.06 -1.0 -1.0 -1.0 -1.0 -1.0 -1.0 -1.0 -1.0 -1.0 -1.0 
607 19 28 185.0 1.1 -1.0 -1.0 -1.0 -1.0 -1.0 -1.0 -1.0 -1.0 -1.0 -1.0 
628 19 29 185.0 1.14 -1.0 -1.0 -1.0 -1.0 -1.0 -1.0 -1.0 -1.0 -1.0 -1.0 
649 19 30 185.0 1.18 -1.0 -1.0 -1.0 -1.0 -1.0 -1.0 -1.0 -1.0 -1.0 -1.0 
