                                            
# averaged kinematics results                                                                              
# averaged kinematic varibles used as input to calculate the averaged                                
# kinematics: Ei, omega, th_e, pf                                                                     
#                                                                                                  
# variables with _mc attached are from histograms not calculated                                                                
#\ xb = th_nq                                                                                                    
#\ yb = pm                                                                        
# current header line:  
#! i_b[i,0]/ i_x[i,1]/ i_y[i,2]/ xb[f,3]/ yb[f,4]/ bc_fact_pwia[f,5]/  bc_fact_pwia_err[f,6]/  bc_fact_fsi[f,7]/  bc_fact_fsi_err[f,8]/  dataXsec[f,9]/  dataXsec_err[f,10]/  dataXsec_bc[f,11]/  dataXsec_bc_err[f,12]/  pwiaXsec_theory[f,13]/   fsiXsec_theory[f,14]/   red_dataXsec[f,15]/   red_dataXsec_err[f,16]/   red_pwiaXsec[f,17]/   red_fsiXsec[f,18]/
233 2 11 15.000000 0.420000 0.666291 0.668437 0.607186 0.609304 0.000000000000e+00 0.000000000000e+00 0.000000000000e+00 0.000000000000e+00 2.173641365467e-07  1.568661844850e-07  0.000000000000e+00  0.000000000000e+00   5.922195058806e-11   4.272750685894e-11
254 2 12 15.000000 0.460000 0.920424 0.175909 0.900075 0.172742 0.000000000000e+00 0.000000000000e+00 0.000000000000e+00 0.000000000000e+00 1.494038375835e-07  1.036805421616e-07  0.000000000000e+00  0.000000000000e+00   4.701464095189e-11   3.260327037758e-11
275 2 13 15.000000 0.500000 0.914846 0.112094 0.896518 0.110150 1.362906516533e-07 1.381625680117e-07 1.221870338709e-07 1.247716729562e-07 1.001692557486e-07  6.712343165779e-08  4.480756462774e-11  4.575538518763e-11   3.674992330964e-11   2.461502998117e-11
296 2 14 15.000000 0.540000 0.919627 0.084874 0.907718 0.083915 7.446553951240e-08 7.503525904599e-08 6.759367743994e-08 6.839686373764e-08 6.778493047924e-08  4.445283903321e-08  2.890709659198e-11  2.925058705985e-11   2.900012718152e-11   1.901069094610e-11
317 2 15 15.000000 0.580000 0.924379 0.066335 0.916625 0.065825 0.000000000000e+00 0.000000000000e+00 0.000000000000e+00 0.000000000000e+00 4.548795122622e-08  2.946767481027e-08  0.000000000000e+00  0.000000000000e+00   2.271730167308e-11   1.471186546210e-11
338 2 16 15.000000 0.620000 0.938129 0.055323 0.932719 0.055031 0.000000000000e+00 0.000000000000e+00 0.000000000000e+00 0.000000000000e+00 3.025813185395e-08  1.948835058642e-08  0.000000000000e+00  0.000000000000e+00   1.751807352198e-11   1.128042776554e-11
359 2 17 15.000000 0.660000 0.945406 0.048198 0.940340 0.047951 0.000000000000e+00 0.000000000000e+00 0.000000000000e+00 0.000000000000e+00 2.068739868430e-08  1.328643597322e-08  0.000000000000e+00  0.000000000000e+00   1.358356329215e-11   8.724816208344e-12
380 2 18 15.000000 0.700000 0.934207 0.054492 0.931376 0.054326 0.000000000000e+00 0.000000000000e+00 0.000000000000e+00 0.000000000000e+00 1.427332557548e-08  9.172352132120e-09  0.000000000000e+00  0.000000000000e+00   1.036205399980e-11   6.660510814380e-12
401 2 19 15.000000 0.740000 0.896114 0.084971 0.898077 0.085159 0.000000000000e+00 0.000000000000e+00 0.000000000000e+00 0.000000000000e+00 9.985690077366e-09  6.415010409497e-09  0.000000000000e+00  0.000000000000e+00   7.792685304444e-12   5.006913122705e-12
422 2 20 15.000000 0.780000 0.905702 0.406163 0.906108 0.406373 0.000000000000e+00 0.000000000000e+00 0.000000000000e+00 0.000000000000e+00 7.621972381904e-09  4.835329360279e-09  0.000000000000e+00  0.000000000000e+00   6.272140548662e-12   3.977781947909e-12
234 3 11 25.000000 0.420000 1.011298 0.198209 0.978864 0.192664 0.000000000000e+00 0.000000000000e+00 0.000000000000e+00 0.000000000000e+00 2.283517781917e-07  1.838387805630e-07  0.000000000000e+00  0.000000000000e+00   5.763661561867e-11   4.635228701814e-11
255 3 12 25.000000 0.460000 0.947504 0.053221 0.934740 0.052700 2.903213847105e-08 2.911745625299e-08 2.713749458931e-08 2.726021382209e-08 1.585945564103e-07  1.228409460603e-07  7.606718255158e-12  7.641116811193e-12   4.453101198716e-11   3.443267261841e-11
276 3 13 25.000000 0.500000 0.950009 0.032050 0.935693 0.031718 1.061115639800e-08 1.062271496100e-08 9.928780750869e-09 9.945292747039e-09 1.088037660804e-07  8.121617163849e-08  3.120681976717e-12  3.125871807185e-12   3.427879368376e-11   2.552678414497e-11
297 3 14 25.000000 0.540000 0.944885 0.025207 0.930484 0.024923 2.356697770267e-08 1.181499584868e-08 2.192868413250e-08 1.100933752597e-08 7.333610752914e-08  5.298378334908e-08  7.900504085289e-12  3.966463084365e-12   2.648558640370e-11   1.908908871477e-11
318 3 15 25.000000 0.580000 0.947837 0.021877 0.935085 0.021654 1.659169157620e-08 8.312029869265e-09 1.551464969163e-08 7.780757404355e-09 4.878912535579e-08  3.441998485186e-08  6.451767586568e-12  3.235628223526e-12   2.034181135391e-11   1.431355183721e-11
339 3 16 25.000000 0.620000 0.958336 0.019568 0.948192 0.019408 1.321781883945e-08 6.619051321759e-09 1.253302621354e-08 6.281370292800e-09 3.264088881188e-08  2.256368343477e-08  5.983659302549e-12  2.998922937276e-12   1.561614109949e-11   1.077260926323e-11
360 3 17 25.000000 0.660000 0.952758 0.018305 0.938658 0.018078 8.674962082011e-09 5.013639932334e-09 8.142819829255e-09 4.708703831066e-09 2.207895980075e-08  1.493872621137e-08  4.359026403628e-12  2.520670327586e-12   1.184412308102e-11   7.997021100477e-12
381 3 18 25.000000 0.700000 0.949083 0.018963 0.937162 0.018762 2.991817238396e-09 2.992876571071e-09 2.803818307009e-09 2.805372677267e-09 1.500572583213e-08  1.001705133015e-08  1.649995637738e-12  1.650910356120e-12   8.848070392625e-12   5.894850945379e-12
402 3 19 25.000000 0.740000 0.942047 0.022034 0.928962 0.021773 0.000000000000e+00 0.000000000000e+00 0.000000000000e+00 0.000000000000e+00 1.025879074688e-08  6.756365857161e-09  0.000000000000e+00  0.000000000000e+00   6.492175047147e-12   4.265544643600e-12
423 3 20 25.000000 0.780000 0.937237 0.029371 0.924268 0.029012 0.000000000000e+00 0.000000000000e+00 0.000000000000e+00 0.000000000000e+00 6.904434775474e-09  4.519924576437e-09  0.000000000000e+00  0.000000000000e+00   4.614373532255e-12   3.013575088484e-12
444 3 21 25.000000 0.820000 0.932538 0.042776 0.923408 0.042412 0.000000000000e+00 0.000000000000e+00 0.000000000000e+00 0.000000000000e+00 4.567101750582e-09  3.015257085342e-09  0.000000000000e+00  0.000000000000e+00   3.209341964250e-12   2.114543797532e-12
465 3 22 25.000000 0.860000 0.903414 0.066598 0.892687 0.065836 0.000000000000e+00 0.000000000000e+00 0.000000000000e+00 0.000000000000e+00 2.921785905058e-09  1.970685243037e-09  0.000000000000e+00  0.000000000000e+00   2.146204836586e-12   1.445518161100e-12
486 3 23 25.000000 0.900000 0.862120 0.105629 0.858958 0.105040 0.000000000000e+00 0.000000000000e+00 0.000000000000e+00 0.000000000000e+00 1.855093595878e-09  1.303916011976e-09  0.000000000000e+00  0.000000000000e+00   1.421552024316e-12   9.985806046591e-13
507 3 24 25.000000 0.940000 0.815235 0.221101 0.812608 0.219832 0.000000000000e+00 0.000000000000e+00 0.000000000000e+00 0.000000000000e+00 1.195420878745e-09  8.825115338149e-10  0.000000000000e+00  0.000000000000e+00   9.553782537744e-13   7.052432104951e-13
528 3 25 25.000000 0.980000 0.963527 0.615499 0.967549 0.616064 0.000000000000e+00 0.000000000000e+00 0.000000000000e+00 0.000000000000e+00 7.417549578274e-10  5.984999678634e-10  0.000000000000e+00  0.000000000000e+00   5.960252854674e-13   4.810182932805e-13
235 4 11 35.000000 0.420000 1.020225 0.252484 0.993669 0.246856 0.000000000000e+00 0.000000000000e+00 0.000000000000e+00 0.000000000000e+00 2.264216732997e-07  2.069709793507e-07  0.000000000000e+00  0.000000000000e+00   5.334483844806e-11   4.871171126177e-11
256 4 12 35.000000 0.460000 0.995893 0.054401 0.988620 0.054235 8.224556324876e-08 4.788919322383e-08 8.130956862687e-08 4.755385372368e-08 1.599076645228e-07  1.451545535235e-07  2.051549130062e-11  1.199847310537e-11   4.043000010188e-11   3.662443461879e-11
277 4 13 35.000000 0.500000 0.974940 0.027327 0.965652 0.027184 5.715063267075e-08 2.032728936347e-08 5.518764805238e-08 1.969048242568e-08 1.130867596119e-07  1.008262474278e-07  1.500122735802e-11  5.352310056344e-12   3.083588098964e-11   2.740681139166e-11
298 4 14 35.000000 0.540000 0.957106 0.018888 0.945810 0.018765 2.991253467144e-08 1.000356322478e-08 2.829156194360e-08 9.478101287551e-09 7.890811180793e-08  6.912120484489e-08  8.380841476072e-12  2.807708692206e-12   2.347404385789e-11   2.047585289193e-11
319 4 15 35.000000 0.580000 0.961526 0.015393 0.955997 0.015393 3.388348801536e-08 8.503420458226e-09 3.239252767421e-08 8.145963085583e-09 5.432483048566e-08  4.720458794305e-08  1.057188188731e-11  2.658581030332e-12   1.783859244098e-11   1.540606319124e-11
340 4 16 35.000000 0.620000 0.959146 0.013880 0.953862 0.013893 9.536207379313e-09 3.897730072044e-09 9.096223341658e-09 3.720255502898e-09 3.642055227900e-08  3.142004049324e-08  3.310040813380e-12  1.353770360321e-12   1.336067568910e-11   1.143349415294e-11
361 4 17 35.000000 0.660000 0.958390 0.013265 0.956844 0.013341 1.286076667384e-08 4.293909482745e-09 1.230575173453e-08 4.112183910783e-09 2.448209558009e-08  2.105089835259e-08  4.955506210872e-12  1.655969773302e-12   9.955710607139e-12   8.477162531892e-12
382 4 18 35.000000 0.700000 0.956376 0.012984 0.953964 0.013052 8.088779424043e-09 3.305686139574e-09 7.716405836911e-09 3.155273028920e-09 1.638086976147e-08  1.406247620289e-08  3.408536842411e-12  1.393766034893e-12   7.315463633292e-12   6.211760921619e-12
403 4 19 35.000000 0.740000 0.951454 0.013294 0.948094 0.013354 9.835481762366e-09 3.722209444289e-09 9.324965648801e-09 3.531449259308e-09 1.095799317337e-08  9.443509042450e-09  4.439698570333e-12  1.681354207430e-12   5.276112184531e-12   4.496138127875e-12
424 4 20 35.000000 0.780000 0.945636 0.014384 0.942650 0.014448 4.729710401108e-09 2.732721480155e-09 4.458461615075e-09 2.576906210055e-09 7.300999063906e-09  6.374476853927e-09  2.246125537159e-12  1.298217938155e-12   3.720900468337e-12   3.211393633899e-12
445 4 21 35.000000 0.820000 0.918909 0.016158 0.918356 0.016277 1.964467477578e-09 1.965004586109e-09 1.804080397981e-09 1.804856917614e-09 4.733611323280e-09  4.231987915963e-09  9.540833727995e-13  9.544940332506e-13   2.533800412122e-12   2.238076146178e-12
466 4 22 35.000000 0.860000 0.895868 0.018609 0.893962 0.018723 5.288279592008e-09 3.742306364072e-09 4.727522932929e-09 3.346945844827e-09 3.041412301867e-09  2.809502659641e-09  2.606943963054e-12  1.845638908289e-12   1.698813943981e-12   1.549271384115e-12
487 4 23 35.000000 0.900000 0.883288 0.022876 0.884781 0.023083 0.000000000000e+00 0.000000000000e+00 0.000000000000e+00 0.000000000000e+00 1.910738782789e-09  1.849587007179e-09  0.000000000000e+00  0.000000000000e+00   1.105037095215e-12   1.056234376132e-12
508 4 24 35.000000 0.940000 0.852656 0.027193 0.864071 0.027736 0.000000000000e+00 0.000000000000e+00 0.000000000000e+00 0.000000000000e+00 1.168966172299e-09  1.200533180396e-09  0.000000000000e+00  0.000000000000e+00   7.003043194279e-13   7.091564182516e-13
529 4 25 35.000000 0.980000 0.842413 0.035828 0.847642 0.036088 0.000000000000e+00 0.000000000000e+00 0.000000000000e+00 0.000000000000e+00 6.961766930769e-10  7.673115705657e-10  0.000000000000e+00  0.000000000000e+00   4.280212312136e-13   4.661168774945e-13
550 4 26 35.000000 1.020000 0.778493 0.044786 0.786193 0.045305 0.000000000000e+00 0.000000000000e+00 0.000000000000e+00 0.000000000000e+00 3.815928961784e-10  4.630912988766e-10  0.000000000000e+00  0.000000000000e+00   2.448749141942e-13   2.943387876231e-13
571 4 27 35.000000 1.060000 0.759065 0.066882 0.784191 0.067599 0.000000000000e+00 0.000000000000e+00 0.000000000000e+00 0.000000000000e+00 2.068611849019e-10  2.873951719402e-10  0.000000000000e+00  0.000000000000e+00   1.347000078523e-13   1.855915412300e-13
592 4 28 35.000000 1.100000 0.722803 0.084779 0.779112 0.090196 0.000000000000e+00 0.000000000000e+00 0.000000000000e+00 0.000000000000e+00 1.037052377249e-10  1.758681859745e-10  0.000000000000e+00  0.000000000000e+00   6.792871539212e-14   1.143201762485e-13
613 4 29 35.000000 1.140000 0.503309 0.181226 0.586007 0.163587 0.000000000000e+00 0.000000000000e+00 0.000000000000e+00 0.000000000000e+00 4.867271217531e-11  1.025537287847e-10  0.000000000000e+00  0.000000000000e+00   3.288963583550e-14   6.905038744181e-14
634 4 30 35.000000 1.180000 0.933326 0.335780 0.890796 0.319397 0.000000000000e+00 0.000000000000e+00 0.000000000000e+00 0.000000000000e+00 2.350065241185e-11  6.996833204233e-11  0.000000000000e+00  0.000000000000e+00   1.528209697777e-14   4.528153684730e-14
236 5 11 45.000000 0.420000 1.358646 1.921415 1.283801 1.815569 0.000000000000e+00 0.000000000000e+00 0.000000000000e+00 0.000000000000e+00 2.465157575744e-07  2.591543892390e-07  0.000000000000e+00  0.000000000000e+00   5.023020524611e-11   5.277442627384e-11
257 5 12 45.000000 0.460000 1.042261 0.149735 1.034270 0.148970 2.083716026391e-07 2.124772902663e-07 2.155124977683e-07 2.219403455208e-07 1.649058719770e-07  1.786040823860e-07  4.751513053375e-11  4.893231064243e-11   3.645651567512e-11   3.937774549648e-11
278 5 13 45.000000 0.500000 1.002239 0.049680 1.001730 0.049844 1.400344444846e-07 5.797130965101e-08 1.402766490691e-07 5.848954494486e-08 1.163742666555e-07  1.278707673590e-07  3.303632236899e-11  1.377477630694e-11   2.751185085686e-11   3.011463361918e-11
299 5 14 45.000000 0.540000 0.986340 0.027028 0.985465 0.027136 5.509287603900e-08 1.958907372858e-08 5.429208847834e-08 1.936214577120e-08 8.345190779353e-08  9.367847270387e-08  1.340076466367e-11  4.779104398738e-12   2.071966941187e-11   2.312239595014e-11
320 5 15 45.000000 0.580000 0.973193 0.019238 0.971583 0.019343 4.591806046506e-08 1.233408557198e-08 4.461319268252e-08 1.201645398372e-08 5.992295646119e-08  6.881554988471e-08  1.144730210971e-11  3.083302735539e-12   1.550946040481e-11   1.765738657132e-11
341 5 16 45.000000 0.620000 0.966110 0.015584 0.970794 0.015797 3.826511019156e-08 9.058805590367e-09 3.714753924426e-08 8.814984376476e-09 4.249468939533e-08  5.014892672351e-08  9.914820012741e-12  2.352752975997e-12   1.147987738094e-11   1.338493995595e-11
362 5 17 45.000000 0.660000 0.954634 0.013787 0.958636 0.014000 1.679930683451e-08 5.323056530713e-09 1.610442445769e-08 5.108291840258e-09 2.971744930324e-08  3.607013284367e-08  4.501772506832e-12  1.427953406454e-12   8.442154479622e-12   1.008291434320e-11
383 5 18 45.000000 0.700000 0.958010 0.013152 0.962973 0.013406 2.425422707120e-08 5.900348136305e-09 2.335615992688e-08 5.691170937595e-09 2.057727138581e-08  2.576647264232e-08  6.820188291455e-12  1.661868111657e-12   6.132958652962e-12   7.524019169991e-12
404 5 19 45.000000 0.740000 0.950846 0.013067 0.960925 0.013431 1.759676848678e-08 4.891691516206e-09 1.690917601342e-08 4.706486830308e-09 1.404585214015e-08  1.835309684728e-08  5.117785840349e-12  1.424480509211e-12   4.364095574095e-12   5.554807584772e-12
425 5 20 45.000000 0.780000 0.948007 0.013327 0.963770 0.013831 1.972965435471e-08 5.286996813905e-09 1.901484457602e-08 5.102749940275e-09 9.395585980798e-09  1.285563272839e-08  5.982953808885e-12  1.605562278929e-12   3.050270035722e-12   4.044979515371e-12
446 5 21 45.000000 0.820000 0.936867 0.013990 0.955704 0.014628 7.388781586570e-09 3.307957332132e-09 7.061485217327e-09 3.163273809794e-09 6.191693370856e-09  8.986255380503e-09  2.283724324145e-12  1.023020670727e-12   2.081311287220e-12   2.906205899161e-12
467 5 22 45.000000 0.860000 0.930126 0.015053 0.955774 0.015940 1.391689430363e-08 4.930579728974e-09 1.330140820280e-08 4.717739476560e-09 3.978027342098e-09  6.182401456091e-09  4.439768056946e-12  1.574695604381e-12   1.390702708018e-12   2.063573125602e-12
488 5 23 45.000000 0.900000 0.921654 0.016496 0.960325 0.017840 6.112371497835e-09 3.532313040424e-09 5.869863242990e-09 3.393920700217e-09 2.522670265104e-09  4.310017744884e-09  1.983873283109e-12  1.147063964428e-12   9.017970953531e-13   1.456682839078e-12
509 5 24 45.000000 0.940000 0.908468 0.018368 0.960611 0.020276 0.000000000000e+00 0.000000000000e+00 0.000000000000e+00 0.000000000000e+00 1.538579230868e-09  2.953483763839e-09  0.000000000000e+00  0.000000000000e+00   5.652445745969e-13   1.013202956443e-12
530 5 25 45.000000 0.980000 0.892788 0.020720 0.968591 0.023651 3.087807565194e-09 3.089508797525e-09 2.990823284833e-09 2.993362088016e-09 9.055017535264e-10  2.013782945751e-09  1.037203841714e-12  1.038084287051e-12   3.391154526466e-13   6.983707189600e-13
551 5 26 45.000000 1.020000 0.889121 0.024774 0.983089 0.028913 4.181972101946e-09 4.185295801475e-09 4.111249473535e-09 4.116293265523e-09 5.190487145248e-10  1.368611454975e-09  1.424489960567e-12  1.426237563357e-12   1.964431009022e-13   4.742045672682e-13
572 5 27 45.000000 1.060000 0.895207 0.029897 1.033311 0.036609 1.025140949906e-08 7.265349243654e-09 1.059289870743e-08 7.516743075293e-09 2.840767484063e-10  9.250566785061e-10  3.663904210888e-12  2.599914090220e-12   1.087768120704e-13   3.199614339096e-13
593 5 28 45.000000 1.100000 0.876135 0.036625 1.049897 0.046533 7.809162205774e-09 7.823333773176e-09 8.198819116747e-09 8.221732090748e-09 1.464209785111e-10  6.311639103036e-10  2.814644105689e-12  2.822510100327e-12   5.581791450289e-14   2.166777623171e-13
614 5 29 45.000000 1.140000 0.851818 0.049546 1.063189 0.064379 1.162479978944e-08 1.166412725262e-08 1.235935903267e-08 1.242373308572e-08 6.571232480022e-11  3.848798841993e-10  4.263626596468e-12  4.285833809962e-12   2.537732407494e-14   1.327725900979e-13
635 5 30 45.000000 1.180000 0.813780 0.064388 1.046997 0.086861 0.000000000000e+00 0.000000000000e+00 0.000000000000e+00 0.000000000000e+00 3.107425423178e-11  2.562369323114e-10  0.000000000000e+00  0.000000000000e+00   1.184488429165e-14   8.832424184526e-14
279 6 13 55.000000 0.500000 1.156396 1.158403 1.099745 1.104889 0.000000000000e+00 0.000000000000e+00 0.000000000000e+00 0.000000000000e+00 1.243390423140e-07  1.702603219231e-07  0.000000000000e+00  0.000000000000e+00   2.435316087776e-11   3.331618070313e-11
300 6 14 55.000000 0.540000 1.106820 0.236700 1.127914 0.242076 0.000000000000e+00 0.000000000000e+00 0.000000000000e+00 0.000000000000e+00 9.110575298710e-08  1.303592999925e-07  0.000000000000e+00  0.000000000000e+00   1.839730385460e-11   2.626315605254e-11
321 6 15 55.000000 0.580000 1.057146 0.110788 1.087942 0.114402 1.984123656484e-07 1.431969147329e-07 2.158610767756e-07 1.574348146056e-07 6.813707514310e-08  1.015193447628e-07  4.388293937773e-11  3.200531808920e-11   1.389120227538e-11   2.063812206646e-11
342 6 16 55.000000 0.620000 1.015651 0.066261 1.029288 0.067417 8.440995458159e-08 6.017849819718e-08 8.688214458912e-08 6.220186046828e-08 5.014700367060e-08  7.858046849452e-08  1.778195688982e-11  1.273070325950e-11   1.030199335956e-11   1.608287306626e-11
363 6 17 55.000000 0.660000 1.008557 0.053558 1.031172 0.054978 9.556902114127e-08 4.827737457425e-08 9.854813399153e-08 5.005880289003e-08 3.571180352945e-08  5.836426203558e-08  2.068944253652e-11  1.050947069104e-11   7.528275354345e-12   1.225313962490e-11
384 6 18 55.000000 0.700000 1.004920 0.044582 1.028324 0.045865 5.758560561731e-08 3.344389146685e-08 5.921667655420e-08 3.449243251735e-08 2.578204841263e-08  4.504179096423e-08  1.241120457480e-11  7.229258059824e-12   5.435430095374e-12   9.440294771709e-12
405 6 19 55.000000 0.740000 0.984874 0.042613 1.005303 0.043726 7.779925681461e-08 3.508747597397e-08 7.821182682347e-08 3.543720481596e-08 1.814449428666e-08  3.393975735219e-08  1.651287172872e-11  7.481861008961e-12   3.856435412678e-12   7.165704758763e-12
426 6 20 55.000000 0.780000 0.977592 0.042040 1.003436 0.043387 3.169618878474e-08 2.248884253765e-08 3.180508764748e-08 2.260797118030e-08 1.245162972627e-08  2.510226668019e-08  6.793550981503e-12  4.829051455666e-12   2.678580415819e-12   5.361831740043e-12
447 6 21 55.000000 0.820000 0.984736 0.046509 1.013283 0.048145 1.755723921804e-08 1.759236141311e-08 1.779045120224e-08 1.784606991946e-08 8.450060846028e-09  1.864850276978e-08  3.825834750147e-12  3.837795549716e-12   1.829959699442e-12   4.010358653851e-12
468 6 22 55.000000 0.860000 0.959896 0.051618 0.998607 0.053978 0.000000000000e+00 0.000000000000e+00 0.000000000000e+00 0.000000000000e+00 5.623232634843e-09  1.390531606510e-08  0.000000000000e+00  0.000000000000e+00   1.221425051406e-12   2.996862103269e-12
489 6 23 55.000000 0.900000 0.960139 0.060192 0.995895 0.062734 1.204385995379e-07 6.106311090769e-08 1.199441795911e-07 6.128001308049e-08 3.646780637669e-09  1.018697190327e-08  2.578592261968e-11  1.317414217859e-11   7.897361464920e-13   2.190022643218e-12
510 6 24 55.000000 0.940000 0.939963 0.074014 0.990675 0.078288 0.000000000000e+00 0.000000000000e+00 0.000000000000e+00 0.000000000000e+00 2.261164963967e-09  7.202940365126e-09  0.000000000000e+00  0.000000000000e+00   4.922512791177e-13   1.557971394599e-12
531 6 25 55.000000 0.980000 0.932896 0.096904 0.991745 0.103286 0.000000000000e+00 0.000000000000e+00 0.000000000000e+00 0.000000000000e+00 1.372661785895e-09  5.104193991845e-09  0.000000000000e+00  0.000000000000e+00   2.976227447249e-13   1.100502280087e-12
552 6 26 55.000000 1.020000 0.902173 0.143761 0.951730 0.151635 0.000000000000e+00 0.000000000000e+00 0.000000000000e+00 0.000000000000e+00 7.988683161328e-10  3.493741045565e-09  0.000000000000e+00  0.000000000000e+00   1.718502014182e-13   7.493008580566e-13
573 6 27 55.000000 1.060000 0.927068 0.191964 0.989958 0.204403 0.000000000000e+00 0.000000000000e+00 0.000000000000e+00 0.000000000000e+00 4.655663053439e-10  2.396252361317e-09  0.000000000000e+00  0.000000000000e+00   9.758057410783e-14   5.018481694994e-13
594 6 28 55.000000 1.100000 0.861491 0.374154 0.945909 0.407972 0.000000000000e+00 0.000000000000e+00 0.000000000000e+00 0.000000000000e+00 2.311516758359e-10  1.420698161528e-09  0.000000000000e+00  0.000000000000e+00   4.809029247766e-14   2.956389797191e-13
615 6 29 55.000000 1.140000 0.666961 0.676705 0.730729 0.737040 0.000000000000e+00 0.000000000000e+00 0.000000000000e+00 0.000000000000e+00 1.068301597282e-10  7.805094676024e-10  0.000000000000e+00  0.000000000000e+00   2.131651952430e-14   1.559597130041e-13
636 6 30 55.000000 1.180000 0.670494 0.948222 0.709999 1.004091 0.000000000000e+00 0.000000000000e+00 0.000000000000e+00 0.000000000000e+00 5.954835766171e-11  4.811479365617e-10  0.000000000000e+00  0.000000000000e+00   1.194764816671e-14   9.653645046908e-14
