                                            
# averaged kinematics results                                                                              
# averaged kinematic varibles used as input to calculate the averaged                                
# kinematics: Ei, omega, th_e, pf                                                                     
#                                                                                                  
# variables with _mc attached are from histograms not calculated                                                                
#\ xb = th_nq                                                                                                    
#\ yb = pm                                                                        
# current header line:  
#! i_b[i,0]/ i_x[i,1]/ i_y[i,2]/ xb[f,3]/ yb[f,4]/ bc_fact_pwia[f,5]/  bc_fact_pwia_err[f,6]/  bc_fact_fsi[f,7]/  bc_fact_fsi_err[f,8]/  dataXsec[f,9]/  dataXsec_err[f,10]/  dataXsec_bc[f,11]/  dataXsec_bc_err[f,12]/  pwiaXsec_theory[f,13]/   fsiXsec_theory[f,14]/   red_dataXsec[f,15]/   red_dataXsec_err[f,16]/   red_pwiaXsec[f,17]/   red_fsiXsec[f,18]/
233 2 11 15.000000 0.420000 0.781324 0.557966 0.730054 0.522986 0.000000000000e+00 0.000000000000e+00 0.000000000000e+00 0.000000000000e+00 2.176628215219e-07  1.570813525925e-07  0.000000000000e+00  0.000000000000e+00   5.931985779306e-11   4.279825435219e-11
254 2 12 15.000000 0.460000 0.932505 0.161585 0.914384 0.159061 0.000000000000e+00 0.000000000000e+00 0.000000000000e+00 0.000000000000e+00 1.496258060080e-07  1.038667191877e-07  0.000000000000e+00  0.000000000000e+00   4.705459839815e-11   3.264279536214e-11
275 2 13 15.000000 0.500000 0.927439 0.119171 0.910507 0.117351 0.000000000000e+00 0.000000000000e+00 0.000000000000e+00 0.000000000000e+00 1.014547532349e-07  6.802372482845e-08  0.000000000000e+00  0.000000000000e+00   3.700873027981e-11   2.480165335046e-11
296 2 14 15.000000 0.540000 0.912813 0.081003 0.899732 0.079989 8.359185699192e-08 8.421030101350e-08 7.521023913364e-08 7.606113656392e-08 6.793842467706e-08  4.457143565966e-08  3.207046246219e-11  3.243329436395e-11   2.898115512362e-11   1.900574404064e-11
317 2 15 15.000000 0.580000 0.920427 0.062772 0.912523 0.062283 0.000000000000e+00 0.000000000000e+00 0.000000000000e+00 0.000000000000e+00 4.532950713445e-08  2.934868941054e-08  0.000000000000e+00  0.000000000000e+00   2.270084966616e-11   1.469328331894e-11
338 2 16 15.000000 0.620000 0.937033 0.056620 0.931813 0.056334 0.000000000000e+00 0.000000000000e+00 0.000000000000e+00 0.000000000000e+00 3.039896306581e-08  1.958251820114e-08  0.000000000000e+00  0.000000000000e+00   1.754428519711e-11   1.129989313138e-11
359 2 17 15.000000 0.660000 0.939648 0.047164 0.935007 0.046943 0.000000000000e+00 0.000000000000e+00 0.000000000000e+00 0.000000000000e+00 2.067197958513e-08  1.327967272413e-08  0.000000000000e+00  0.000000000000e+00   1.358845953258e-11   8.730096197782e-12
380 2 18 15.000000 0.700000 0.942649 0.056000 0.939518 0.055813 2.778247143453e-08 2.786774342694e-08 2.610214156387e-08 2.622813304524e-08 1.424877152349e-08  9.156962603278e-09  1.894652476105e-11  1.903797705494e-11   1.034035115520e-11   6.646681394877e-12
401 2 19 15.000000 0.740000 0.894186 0.084803 0.896824 0.085055 0.000000000000e+00 0.000000000000e+00 0.000000000000e+00 0.000000000000e+00 1.000391987761e-08  6.431368904075e-09  0.000000000000e+00  0.000000000000e+00   7.820476889816e-12   5.028295840078e-12
422 2 20 15.000000 0.780000 0.911420 0.430796 0.912009 0.431081 0.000000000000e+00 0.000000000000e+00 0.000000000000e+00 0.000000000000e+00 7.729482982718e-09  4.905486631064e-09  0.000000000000e+00  0.000000000000e+00   6.352070122037e-12   4.030065395947e-12
234 3 11 25.000000 0.420000 1.000556 0.201920 0.970536 0.196748 0.000000000000e+00 0.000000000000e+00 0.000000000000e+00 0.000000000000e+00 2.282790263235e-07  1.838498636603e-07  0.000000000000e+00  0.000000000000e+00   5.776836041153e-11   4.648055814470e-11
255 3 12 25.000000 0.460000 0.948275 0.053640 0.936278 0.053162 0.000000000000e+00 0.000000000000e+00 0.000000000000e+00 0.000000000000e+00 1.582157777140e-07  1.224331798803e-07  0.000000000000e+00  0.000000000000e+00   4.446782051305e-11   3.435340710263e-11
276 3 13 25.000000 0.500000 0.943202 0.031656 0.928748 0.031314 7.615000185979e-08 2.899687776416e-08 7.072414462396e-08 2.703615137612e-08 1.089288300153e-07  8.141087385498e-08  2.218288784246e-11  8.479988225479e-12   3.424390613456e-11   2.553481973495e-11
297 3 14 25.000000 0.540000 0.942719 0.025052 0.927251 0.024738 1.238886326860e-08 8.772421096841e-09 1.148758576085e-08 8.140007804238e-09 7.330455036962e-08  5.292655545791e-08  4.146201133969e-12  2.937963667132e-12   2.651904553065e-11   1.910272086973e-11
318 3 15 25.000000 0.580000 0.954115 0.021811 0.942429 0.021616 8.536730433661e-09 6.042077365335e-09 8.045259297697e-09 5.697215848968e-09 4.893125474438e-08  3.452603489642e-08  3.341227535438e-12  2.366075941810e-12   2.037301836226e-11   1.433879682640e-11
339 3 16 25.000000 0.620000 0.961573 0.019547 0.951066 0.019380 1.038993868718e-08 6.005595855007e-09 9.881521362375e-09 5.715268632618e-09 3.266069687360e-08  2.256674001286e-08  4.718606121548e-12  2.729144690093e-12   1.563055918180e-11   1.077602867647e-11
360 3 17 25.000000 0.660000 0.957085 0.018286 0.943396 0.018069 3.082201383009e-09 3.083216569884e-09 2.907735169327e-09 2.909226005472e-09 2.205034582550e-08  1.491527727446e-08  1.560336486348e-12  1.561136492502e-12   1.185700970478e-11   8.003772689077e-12
381 3 18 25.000000 0.700000 0.947918 0.018829 0.936069 0.018631 3.110995017153e-09 3.112085577561e-09 2.912105006963e-09 2.913702382971e-09 1.499931169028e-08  1.000929703436e-08  1.713262324118e-12  1.714202099341e-12   8.844123328608e-12   5.888713304936e-12
402 3 19 25.000000 0.740000 0.946523 0.022294 0.933379 0.022031 8.077609692236e-09 5.717248697610e-09 7.539475256735e-09 5.339329121223e-09 1.025684968688e-08  6.749466318228e-09  4.768498047004e-12  3.376969831437e-12   6.502998589387e-12   4.268840451202e-12
423 3 20 25.000000 0.780000 0.936443 0.029537 0.922462 0.029149 0.000000000000e+00 0.000000000000e+00 0.000000000000e+00 0.000000000000e+00 6.890285960624e-09  4.507349521043e-09  0.000000000000e+00  0.000000000000e+00   4.614390163007e-12   3.011145412562e-12
444 3 21 25.000000 0.820000 0.926485 0.042980 0.917860 0.042641 0.000000000000e+00 0.000000000000e+00 0.000000000000e+00 0.000000000000e+00 4.582433804804e-09  3.032337087040e-09  0.000000000000e+00  0.000000000000e+00   3.210582427602e-12   2.120072114682e-12
465 3 22 25.000000 0.860000 0.895567 0.064906 0.888022 0.064366 0.000000000000e+00 0.000000000000e+00 0.000000000000e+00 0.000000000000e+00 2.934160544616e-09  1.980588289590e-09  0.000000000000e+00  0.000000000000e+00   2.147755235705e-12   1.447467311064e-12
486 3 23 25.000000 0.900000 0.869952 0.105513 0.864085 0.104691 0.000000000000e+00 0.000000000000e+00 0.000000000000e+00 0.000000000000e+00 1.856635003491e-09  1.306299006265e-09  0.000000000000e+00  0.000000000000e+00   1.419526239283e-12   9.981533074398e-13
507 3 24 25.000000 0.940000 0.855881 0.241354 0.847057 0.238200 0.000000000000e+00 0.000000000000e+00 0.000000000000e+00 0.000000000000e+00 1.193625732563e-09  8.813997615546e-10  0.000000000000e+00  0.000000000000e+00   9.497575342716e-13   7.013139032441e-13
528 3 25 25.000000 0.980000 0.963063 0.689490 0.968966 0.690905 0.000000000000e+00 0.000000000000e+00 0.000000000000e+00 0.000000000000e+00 7.322366973500e-10  5.933174503259e-10  0.000000000000e+00  0.000000000000e+00   5.861587616966e-13   4.751364373660e-13
235 4 11 35.000000 0.420000 1.009422 0.229696 0.990379 0.226115 0.000000000000e+00 0.000000000000e+00 0.000000000000e+00 0.000000000000e+00 2.272115147710e-07  2.084534066688e-07  0.000000000000e+00  0.000000000000e+00   5.333844824326e-11   4.889396652947e-11
256 4 12 35.000000 0.460000 0.992185 0.053472 0.982514 0.053173 5.783176248997e-08 4.112567434273e-08 5.682049135257e-08 4.052337558626e-08 1.593299948875e-07  1.445932675616e-07  1.438683723168e-11  1.026043940768e-11   4.042276566971e-11   3.661073242568e-11
277 4 13 35.000000 0.500000 0.973947 0.027177 0.963037 0.026992 3.736881382110e-08 1.677434877570e-08 3.598756780563e-08 1.618578510075e-08 1.127475457193e-07  1.005073917440e-07  9.798658787169e-12  4.407049297172e-12   3.079590590007e-11   2.736605159335e-11
298 4 14 35.000000 0.540000 0.954734 0.018747 0.945071 0.018657 3.424522887485e-08 1.086830990719e-08 3.236417730248e-08 1.029117841495e-08 7.885271436230e-08  6.919455013287e-08  9.580630403212e-12  3.046453981688e-12   2.344205283254e-11   2.048336976230e-11
319 4 15 35.000000 0.580000 0.958411 0.015322 0.952567 0.015317 6.608165570299e-09 3.818445444428e-09 6.294721874764e-09 3.638733895665e-09 5.412508815438e-08  4.704352780731e-08  2.059434083786e-12  1.190478746424e-12   1.781419138735e-11   1.539115571989e-11
340 4 16 35.000000 0.620000 0.956825 0.013808 0.951396 0.013819 2.837020396385e-08 6.903275461940e-09 2.699129991154e-08 6.579439087688e-09 3.629240074725e-08  3.128457147241e-08  9.855485712948e-12  2.402387737546e-12   1.336018711620e-11   1.142311219513e-11
361 4 17 35.000000 0.660000 0.958476 0.013182 0.957554 0.013264 7.331333762295e-09 3.281530632385e-09 7.020150984737e-09 3.143748371127e-09 2.439886724704e-08  2.097808404720e-08  2.834862530248e-12  1.269501821430e-12   9.946330852142e-12   8.471325552842e-12
382 4 18 35.000000 0.700000 0.957494 0.013011 0.955327 0.013085 8.428927777970e-09 3.444704841322e-09 8.052381637239e-09 3.292666877177e-09 1.640187032193e-08  1.409823547315e-08  3.552063914933e-12  1.452460119901e-12   7.313964488821e-12   6.219008952185e-12
403 4 19 35.000000 0.740000 0.950213 0.013337 0.946655 0.013390 2.958898237537e-09 2.093296725213e-09 2.801054979004e-09 1.982025256165e-09 1.095917639269e-08  9.430030419810e-09  1.336323043731e-12  9.455815908380e-13   5.287266285624e-12   4.498864551941e-12
424 4 20 35.000000 0.780000 0.944905 0.014414 0.942495 0.014489 0.000000000000e+00 0.000000000000e+00 0.000000000000e+00 0.000000000000e+00 7.305116373931e-09  6.378346051854e-09  0.000000000000e+00  0.000000000000e+00   3.721994112391e-12   3.213257957569e-12
445 4 21 35.000000 0.820000 0.921586 0.016119 0.922148 0.016259 2.071397497971e-09 2.071960904665e-09 1.910134530853e-09 1.910950864677e-09 4.741220596690e-09  4.240348386648e-09  1.011039638629e-12  1.011471726443e-12   2.539785112962e-12   2.244428458442e-12
466 4 22 35.000000 0.860000 0.896764 0.018820 0.895512 0.018951 5.552765358630e-09 3.929584523898e-09 4.972568939738e-09 3.520563770280e-09 3.036834439554e-09  2.805190703657e-09  2.744309247026e-12  1.942962646996e-12   1.697807705925e-12   1.548155667827e-12
487 4 23 35.000000 0.900000 0.879400 0.022772 0.879875 0.022968 0.000000000000e+00 0.000000000000e+00 0.000000000000e+00 0.000000000000e+00 1.910510759158e-09  1.842610149125e-09  0.000000000000e+00  0.000000000000e+00   1.106724983620e-12   1.053885925294e-12
508 4 24 35.000000 0.940000 0.849812 0.027341 0.862471 0.027936 0.000000000000e+00 0.000000000000e+00 0.000000000000e+00 0.000000000000e+00 1.163493710601e-09  1.194032698665e-09  0.000000000000e+00  0.000000000000e+00   6.976985472587e-13   7.061715418306e-13
529 4 25 35.000000 0.980000 0.831111 0.036031 0.838240 0.036350 0.000000000000e+00 0.000000000000e+00 0.000000000000e+00 0.000000000000e+00 7.006935597683e-10  7.752253252395e-10  0.000000000000e+00  0.000000000000e+00   4.282804254077e-13   4.681579641538e-13
550 4 26 35.000000 1.020000 0.784240 0.045673 0.796786 0.046108 0.000000000000e+00 0.000000000000e+00 0.000000000000e+00 0.000000000000e+00 3.842717493805e-10  4.698045148102e-10  0.000000000000e+00  0.000000000000e+00   2.434205581741e-13   2.942759498221e-13
571 4 27 35.000000 1.060000 0.755293 0.067460 0.779830 0.068092 0.000000000000e+00 0.000000000000e+00 0.000000000000e+00 0.000000000000e+00 2.052168091262e-10  2.857460594073e-10  0.000000000000e+00  0.000000000000e+00   1.338193358228e-13   1.846407318986e-13
592 4 28 35.000000 1.100000 0.671602 0.085499 0.729522 0.090450 0.000000000000e+00 0.000000000000e+00 0.000000000000e+00 0.000000000000e+00 1.022966346372e-10  1.712120084825e-10  0.000000000000e+00  0.000000000000e+00   6.790116490604e-14   1.128721353201e-13
613 4 29 35.000000 1.140000 0.497691 0.200895 0.591230 0.185028 0.000000000000e+00 0.000000000000e+00 0.000000000000e+00 0.000000000000e+00 5.011999242844e-11  1.065054246523e-10  0.000000000000e+00  0.000000000000e+00   3.342779434191e-14   7.063400985152e-14
634 4 30 35.000000 1.180000 0.857812 0.291560 0.845905 0.286550 0.000000000000e+00 0.000000000000e+00 0.000000000000e+00 0.000000000000e+00 2.406406541023e-11  7.052215241319e-11  0.000000000000e+00  0.000000000000e+00   1.577269242056e-14   4.601424847561e-14
257 5 12 45.000000 0.460000 1.053624 0.147728 1.054925 0.148319 0.000000000000e+00 0.000000000000e+00 0.000000000000e+00 0.000000000000e+00 1.640356440389e-07  1.775055541268e-07  0.000000000000e+00  0.000000000000e+00   3.642370742799e-11   3.930527607362e-11
278 5 13 45.000000 0.500000 1.003838 0.049075 1.002543 0.049199 5.029481187080e-08 3.573073402205e-08 5.042271405433e-08 3.590696289834e-08 1.164437397123e-07  1.280662968726e-07  1.188047203462e-11  8.460307553101e-12   2.754425719439e-11   3.017465614668e-11
299 5 14 45.000000 0.540000 0.981856 0.026797 0.978802 0.026848 5.744822928477e-08 2.042605786464e-08 5.623042680215e-08 2.005246475562e-08 8.348147630241e-08  9.382861894505e-08  1.385706157894e-11  4.941599321410e-12   2.069666701486e-11   2.312251612749e-11
320 5 15 45.000000 0.580000 0.973598 0.019113 0.971786 0.019207 2.729771431120e-08 9.679122807433e-09 2.652752937673e-08 9.420634917277e-09 5.987114202844e-08  6.861594679000e-08  6.804760917117e-12  2.416552532621e-12   1.548664615866e-11   1.760115336700e-11
341 5 16 45.000000 0.620000 0.964574 0.015637 0.969835 0.015855 2.438872570565e-08 7.373363841467e-09 2.365304500000e-08 7.161395278062e-09 4.248875181626e-08  5.011172298076e-08  6.319740439410e-12  1.913417885155e-12   1.148877358241e-11   1.338910411789e-11
362 5 17 45.000000 0.660000 0.955694 0.013822 0.958835 0.014023 1.928714965516e-08 5.828056184415e-09 1.849319847607e-08 5.594686792851e-09 2.969497899909e-08  3.601908976449e-08  5.175025185939e-12  1.565583427761e-12   8.444729501397e-12   1.007936495934e-11
383 5 18 45.000000 0.700000 0.959320 0.013141 0.965464 0.013408 2.855473724139e-08 6.572906767205e-09 2.756858207592e-08 6.357446033889e-09 2.058565222482e-08  2.577529634360e-08  8.047196376503e-12  1.855721725073e-12   6.134479739662e-12   7.523741002288e-12
404 5 19 45.000000 0.740000 0.951781 0.013079 0.960278 0.013422 1.151988371362e-08 4.078649512536e-09 1.106228709735e-08 3.919686699445e-09 1.405793119283e-08  1.836731158767e-08  3.349851617099e-12  1.186948839160e-12   4.369601045508e-12   5.561939215847e-12
425 5 20 45.000000 0.780000 0.949834 0.013369 0.966309 0.013886 8.828336284239e-09 3.608270973645e-09 8.530899562731e-09 3.488858600143e-09 9.412373555197e-09  1.289168298606e-08  2.682871421822e-12  1.097206568226e-12   3.055816837015e-12   4.054288484839e-12
446 5 21 45.000000 0.820000 0.941206 0.014055 0.962020 0.014724 9.453054339303e-09 3.864195635672e-09 9.094023617099e-09 3.720036595447e-09 6.186457388830e-09  8.984599111266e-09  2.944750978870e-12  1.204591264232e-12   2.082484857298e-12   2.909318046844e-12
467 5 22 45.000000 0.860000 0.929445 0.015005 0.956151 0.015904 7.349869157736e-09 3.678663603424e-09 7.027583973954e-09 3.519299388966e-09 3.972631164407e-09  6.171291287813e-09  2.350735093159e-12  1.177209779013e-12   1.391590196981e-12   2.064304183932e-12
488 5 23 45.000000 0.900000 0.918495 0.016393 0.957806 0.017722 6.217567349864e-09 3.593153709167e-09 5.955222979382e-09 3.443307452953e-09 2.508808236689e-09  4.280244060498e-09  2.022841637518e-12  1.169606194549e-12   9.011635247612e-13   1.453892815482e-12
509 5 24 45.000000 0.940000 0.912813 0.018530 0.969160 0.020529 2.805169874165e-09 2.806339158280e-09 2.718658251069e-09 2.720401045308e-09 1.538436205988e-09  2.950829058645e-09  9.322376621027e-13  9.328352724960e-13   5.647975306632e-13   1.011849864474e-12
530 5 25 45.000000 0.980000 0.895631 0.020995 0.978543 0.024155 3.152750061020e-09 3.154512702316e-09 3.085101748674e-09 3.087765828641e-09 9.072799521367e-10  2.036118300842e-09  1.062855497565e-12  1.063773305880e-12   3.378733711213e-13   7.014677978359e-13
551 5 26 45.000000 1.020000 0.880192 0.024662 0.965599 0.028575 9.197621331225e-09 6.514521951988e-09 8.881214657153e-09 6.295904433944e-09 5.181590940510e-10  1.364108312287e-09  3.081047709548e-12  2.184158663490e-12   1.963700390050e-13   4.732328801176e-13
572 5 27 45.000000 1.060000 0.888922 0.029706 1.027341 0.036433 5.881450437784e-09 5.888304581480e-09 6.042255323568e-09 6.053090700132e-09 2.853552733908e-10  9.256001003277e-10  2.093290399203e-12  2.097044227619e-12   1.091980147872e-13   3.206666550418e-13
593 5 28 45.000000 1.100000 0.865253 0.035627 1.057711 0.046087 8.723675115618e-09 8.739692592643e-09 9.227131410203e-09 9.252812091302e-09 1.463095809481e-10  6.364714717725e-10  3.157040336333e-12  3.165826918261e-12   5.552318724106e-14   2.177671499388e-13
614 5 29 45.000000 1.140000 0.836077 0.048548 1.037307 0.063095 0.000000000000e+00 0.000000000000e+00 0.000000000000e+00 0.000000000000e+00 6.468118272483e-11  3.775312243923e-10  0.000000000000e+00  0.000000000000e+00   2.513938131870e-14   1.314934577225e-13
635 5 30 45.000000 1.180000 0.836826 0.066389 1.054299 0.087477 0.000000000000e+00 0.000000000000e+00 0.000000000000e+00 0.000000000000e+00 3.054392474303e-11  2.469749864863e-10  0.000000000000e+00  0.000000000000e+00   1.184949018373e-14   8.661503551966e-14
279 6 13 55.000000 0.500000 1.062579 1.502713 0.963182 1.362145 0.000000000000e+00 0.000000000000e+00 0.000000000000e+00 0.000000000000e+00 1.240399465678e-07  1.698446858476e-07  0.000000000000e+00  0.000000000000e+00   2.413297915702e-11   3.300845268455e-11
300 6 14 55.000000 0.540000 1.118010 0.247747 1.149561 0.255610 0.000000000000e+00 0.000000000000e+00 0.000000000000e+00 0.000000000000e+00 9.187947329165e-08  1.314882377826e-07  0.000000000000e+00  0.000000000000e+00   1.844253641325e-11   2.634411258574e-11
321 6 15 55.000000 0.580000 1.050078 0.114837 1.077619 0.118187 3.024895818271e-07 1.801066093278e-07 3.259684194890e-07 1.973513460706e-07 6.791376861919e-08  1.011470976058e-07  6.631227718739e-11  4.014750013040e-11   1.385376190926e-11   2.057651592032e-11
342 6 16 55.000000 0.620000 1.007952 0.067134 1.025053 0.068537 4.433446676444e-08 4.451904960372e-08 4.544519018495e-08 4.573544715586e-08 4.976041440142e-08  7.780609277005e-08  9.350179322449e-12  9.409898617639e-12   1.027713520585e-11   1.600831500140e-11
363 6 17 55.000000 0.660000 1.006543 0.053021 1.027403 0.054355 8.049595123794e-08 4.684384956662e-08 8.270175652989e-08 4.832597175247e-08 3.572818225565e-08  5.851745268474e-08  1.730423523906e-11  1.011156254050e-11   7.507270474409e-12   1.224399346925e-11
384 6 18 55.000000 0.700000 0.997487 0.044140 1.016926 0.045239 6.086598602906e-08 3.534493787844e-08 6.189618334836e-08 3.604848950012e-08 2.575814815496e-08  4.490823592979e-08  1.298586485336e-11  7.562999647036e-12   5.433056469829e-12   9.421780973232e-12
405 6 19 55.000000 0.740000 0.982215 0.042206 1.004298 0.043378 8.032343856712e-08 3.622285030102e-08 8.066864073595e-08 3.654499960277e-08 1.816896360149e-08  3.398884633904e-08  1.700989159574e-11  7.705924829504e-12   3.857798350833e-12   7.166931119912e-12
426 6 20 55.000000 0.780000 0.977339 0.042258 1.000761 0.043495 1.595030241219e-08 1.597758882394e-08 1.596244634580e-08 1.600479671815e-08 1.243341496443e-08  2.498923990253e-08  3.418233937471e-12  3.427302940860e-12   2.680702518249e-12   5.351251685108e-12
447 6 21 55.000000 0.820000 0.983634 0.046317 1.011976 0.047959 1.933285531663e-08 1.937205323879e-08 1.956438759127e-08 1.962596812598e-08 8.496088111160e-09  1.877774980183e-08  4.208213600635e-12  4.221459302423e-12   1.840983330827e-12   4.039011276828e-12
468 6 22 55.000000 0.860000 0.966730 0.052380 1.011859 0.055136 6.797539242598e-08 3.955805721280e-08 6.878149111494e-08 4.020224536320e-08 5.646549654487e-09  1.397208269965e-08  1.478365874519e-11  8.640933288969e-12   1.223234299533e-12   3.003111727340e-12
489 6 23 55.000000 0.900000 0.950967 0.060229 0.984814 0.062694 0.000000000000e+00 0.000000000000e+00 0.000000000000e+00 0.000000000000e+00 3.643764105469e-09  1.012632167066e-08  0.000000000000e+00  0.000000000000e+00   7.923421302023e-13   2.186237787146e-12
510 6 24 55.000000 0.940000 0.949284 0.075965 0.993663 0.079740 5.921920731566e-08 5.959092761833e-08 5.884393227530e-08 5.940129069042e-08 2.267090625866e-09  7.177700956537e-09  1.275306323605e-11  1.287385779954e-11   4.942168735834e-13   1.555600903079e-12
531 6 25 55.000000 0.980000 0.920130 0.092287 0.985161 0.099032 0.000000000000e+00 0.000000000000e+00 0.000000000000e+00 0.000000000000e+00 1.361932879189e-09  5.079141426270e-09  0.000000000000e+00  0.000000000000e+00   2.948406107675e-13   1.093009816120e-12
552 6 26 55.000000 1.020000 0.874008 0.143911 0.930718 0.153386 0.000000000000e+00 0.000000000000e+00 0.000000000000e+00 0.000000000000e+00 7.845746796662e-10  3.420710903292e-09  0.000000000000e+00  0.000000000000e+00   1.703992225373e-13   7.406941908716e-13
573 6 27 55.000000 1.060000 0.888668 0.179937 0.970948 0.196202 0.000000000000e+00 0.000000000000e+00 0.000000000000e+00 0.000000000000e+00 4.494417021063e-10  2.348324943570e-09  0.000000000000e+00  0.000000000000e+00   9.384368512023e-14   4.900542984099e-13
594 6 28 55.000000 1.100000 0.864705 0.346794 0.944174 0.375851 0.000000000000e+00 0.000000000000e+00 0.000000000000e+00 0.000000000000e+00 2.386052528406e-10  1.459860289865e-09  0.000000000000e+00  0.000000000000e+00   4.864937732460e-14   2.980111409775e-13
615 6 29 55.000000 1.140000 0.675969 0.684853 0.733610 0.739173 0.000000000000e+00 0.000000000000e+00 0.000000000000e+00 0.000000000000e+00 1.076260105692e-10  7.778408214571e-10  0.000000000000e+00  0.000000000000e+00   2.110957513178e-14   1.527413619735e-13
