# Laget Cross Section Results at the Averaged Kinematics
# averaged kinematic varibles used as input to calculate the cross section
# kinematics: Ei, Q2, omega, th_pq_cm, phi_pq
#
#\ xb = th_nq
#\ yb = pm
# current header line:
#! i_b[i,0]/ i_x[i,1]/ i_y[i,2]/ xb[f,3]/ yb[f,4]/ pwiaXsec[f,5]/ pwiaGEp[f,6]/ pwiaGMp[f,7]/ pwia_sigMott[f,8]/ pwia_Ksig_cc1[f,9]/ fsiXsec[f,10]/ fsiGEp[f,11]/ fsiGMp[f,12]/ fsi_sigMott[f,13]/ fsi_Ksig_cc1[f,14]/ 
22 1 1 5.0 0.02 0.001454236870056 0.023343 0.061187 0.344877 2332.728575 0.001373864194258 0.023147 0.060597 0.340113 2271.269355 
43 1 2 5.0 0.06 0.0003682870152029 0.022232 0.05786 0.324801 2059.495009 0.0003567789778477 0.022368 0.058266 0.327906 2098.992569 
64 1 3 5.0 0.1 7.083626084123e-05 0.020864 0.053783 0.300386 1743.752931 6.661769161953e-05 0.02081 0.053623 0.299106 1726.898787 
85 1 4 5.0 0.14 1.630508909381e-05 0.019161 0.04874 0.268067 1372.338791 1.535352933432e-05 0.019137 0.048669 0.267542 1367.595406 
106 1 5 5.0 0.18 4.685255712307e-06 0.018175 0.045843 0.251705 1190.898278 4.618095750649e-06 0.018182 0.045863 0.251707 1192.845885 
127 1 6 5.0 0.22 1.758648689374e-06 0.01752 0.043925 0.241727 1069.035054 1.709523681267e-06 0.017618 0.044212 0.243803 1086.140396 
148 1 7 5.0 0.26 7.886611300096e-07 0.017505 0.043881 0.245208 1048.600331 7.429386175866e-07 0.017228 0.043071 0.239115 1006.087578 
169 1 8 5.0 0.3 -1.0 -1.0 -1.0 -1.0 -1.0 -1.0 -1.0 -1.0 -1.0 -1.0 
190 1 9 5.0 0.34 -1.0 -1.0 -1.0 -1.0 -1.0 -1.0 -1.0 -1.0 -1.0 -1.0 
211 1 10 5.0 0.38 -1.0 -1.0 -1.0 -1.0 -1.0 -1.0 -1.0 -1.0 -1.0 -1.0 
232 1 11 5.0 0.42 -1.0 -1.0 -1.0 -1.0 -1.0 -1.0 -1.0 -1.0 -1.0 -1.0 
253 1 12 5.0 0.46 -1.0 -1.0 -1.0 -1.0 -1.0 -1.0 -1.0 -1.0 -1.0 -1.0 
274 1 13 5.0 0.5 -1.0 -1.0 -1.0 -1.0 -1.0 -1.0 -1.0 -1.0 -1.0 -1.0 
295 1 14 5.0 0.54 -1.0 -1.0 -1.0 -1.0 -1.0 -1.0 -1.0 -1.0 -1.0 -1.0 
316 1 15 5.0 0.58 -1.0 -1.0 -1.0 -1.0 -1.0 -1.0 -1.0 -1.0 -1.0 -1.0 
337 1 16 5.0 0.62 -1.0 -1.0 -1.0 -1.0 -1.0 -1.0 -1.0 -1.0 -1.0 -1.0 
358 1 17 5.0 0.66 -1.0 -1.0 -1.0 -1.0 -1.0 -1.0 -1.0 -1.0 -1.0 -1.0 
379 1 18 5.0 0.7 -1.0 -1.0 -1.0 -1.0 -1.0 -1.0 -1.0 -1.0 -1.0 -1.0 
400 1 19 5.0 0.74 -1.0 -1.0 -1.0 -1.0 -1.0 -1.0 -1.0 -1.0 -1.0 -1.0 
421 1 20 5.0 0.78 -1.0 -1.0 -1.0 -1.0 -1.0 -1.0 -1.0 -1.0 -1.0 -1.0 
442 1 21 5.0 0.82 -1.0 -1.0 -1.0 -1.0 -1.0 -1.0 -1.0 -1.0 -1.0 -1.0 
463 1 22 5.0 0.86 -1.0 -1.0 -1.0 -1.0 -1.0 -1.0 -1.0 -1.0 -1.0 -1.0 
484 1 23 5.0 0.9 -1.0 -1.0 -1.0 -1.0 -1.0 -1.0 -1.0 -1.0 -1.0 -1.0 
505 1 24 5.0 0.94 -1.0 -1.0 -1.0 -1.0 -1.0 -1.0 -1.0 -1.0 -1.0 -1.0 
526 1 25 5.0 0.98 -1.0 -1.0 -1.0 -1.0 -1.0 -1.0 -1.0 -1.0 -1.0 -1.0 
547 1 26 5.0 1.02 -1.0 -1.0 -1.0 -1.0 -1.0 -1.0 -1.0 -1.0 -1.0 -1.0 
568 1 27 5.0 1.06 -1.0 -1.0 -1.0 -1.0 -1.0 -1.0 -1.0 -1.0 -1.0 -1.0 
589 1 28 5.0 1.1 -1.0 -1.0 -1.0 -1.0 -1.0 -1.0 -1.0 -1.0 -1.0 -1.0 
610 1 29 5.0 1.14 -1.0 -1.0 -1.0 -1.0 -1.0 -1.0 -1.0 -1.0 -1.0 -1.0 
631 1 30 5.0 1.18 -1.0 -1.0 -1.0 -1.0 -1.0 -1.0 -1.0 -1.0 -1.0 -1.0 
23 2 1 15.0 0.02 0.001608402351999 0.023434 0.061459 0.345987 2348.236658 0.001482122929011 0.023471 0.06157 0.347294 2366.421163 
44 2 2 15.0 0.06 0.0003725954349926 0.022455 0.058525 0.329654 2120.493568 0.0003669255534761 0.022581 0.058903 0.332625 2154.883659 
65 2 3 15.0 0.1 7.696877876631e-05 0.021084 0.054438 0.304712 1787.279139 7.43828002487e-05 0.021083 0.054434 0.304592 1791.382666 
86 2 4 15.0 0.14 1.669286927308e-05 0.01944 0.049563 0.273542 1419.621091 1.56921745743e-05 0.019509 0.049769 0.275185 1434.310149 
107 2 5 15.0 0.18 4.797985266642e-06 0.01859 0.047059 0.259964 1244.243924 4.510268593224e-06 0.018596 0.047077 0.260138 1243.681299 
128 2 6 15.0 0.22 1.619530237483e-06 0.018085 0.045577 0.253474 1127.37941 1.5365687847e-06 0.018159 0.045794 0.255145 1140.862243 
149 2 7 15.0 0.26 6.657540549949e-07 0.017801 0.044746 0.251083 1062.594704 6.024673446219e-07 0.017787 0.044704 0.250921 1059.595443 
170 2 8 15.0 0.3 2.876796257424e-07 0.017482 0.043814 0.24776 990.965558 2.74995278987e-07 0.017625 0.044232 0.250717 1014.742073 
191 2 9 15.0 0.34 1.715568286422e-07 0.017292 0.043258 0.246107 946.248264 1.484462326095e-07 0.017363 0.043467 0.247339 954.498696 
212 2 10 15.0 0.38 -1.0 -1.0 -1.0 -1.0 -1.0 -1.0 -1.0 -1.0 -1.0 -1.0 
233 2 11 15.0 0.42 -1.0 -1.0 -1.0 -1.0 -1.0 -1.0 -1.0 -1.0 -1.0 -1.0 
254 2 12 15.0 0.46 -1.0 -1.0 -1.0 -1.0 -1.0 -1.0 -1.0 -1.0 -1.0 -1.0 
275 2 13 15.0 0.5 -1.0 -1.0 -1.0 -1.0 -1.0 -1.0 -1.0 -1.0 -1.0 -1.0 
296 2 14 15.0 0.54 -1.0 -1.0 -1.0 -1.0 -1.0 -1.0 -1.0 -1.0 -1.0 -1.0 
317 2 15 15.0 0.58 -1.0 -1.0 -1.0 -1.0 -1.0 -1.0 -1.0 -1.0 -1.0 -1.0 
338 2 16 15.0 0.62 -1.0 -1.0 -1.0 -1.0 -1.0 -1.0 -1.0 -1.0 -1.0 -1.0 
359 2 17 15.0 0.66 -1.0 -1.0 -1.0 -1.0 -1.0 -1.0 -1.0 -1.0 -1.0 -1.0 
380 2 18 15.0 0.7 -1.0 -1.0 -1.0 -1.0 -1.0 -1.0 -1.0 -1.0 -1.0 -1.0 
401 2 19 15.0 0.74 -1.0 -1.0 -1.0 -1.0 -1.0 -1.0 -1.0 -1.0 -1.0 -1.0 
422 2 20 15.0 0.78 -1.0 -1.0 -1.0 -1.0 -1.0 -1.0 -1.0 -1.0 -1.0 -1.0 
443 2 21 15.0 0.82 -1.0 -1.0 -1.0 -1.0 -1.0 -1.0 -1.0 -1.0 -1.0 -1.0 
464 2 22 15.0 0.86 -1.0 -1.0 -1.0 -1.0 -1.0 -1.0 -1.0 -1.0 -1.0 -1.0 
485 2 23 15.0 0.9 -1.0 -1.0 -1.0 -1.0 -1.0 -1.0 -1.0 -1.0 -1.0 -1.0 
506 2 24 15.0 0.94 -1.0 -1.0 -1.0 -1.0 -1.0 -1.0 -1.0 -1.0 -1.0 -1.0 
527 2 25 15.0 0.98 -1.0 -1.0 -1.0 -1.0 -1.0 -1.0 -1.0 -1.0 -1.0 -1.0 
548 2 26 15.0 1.02 -1.0 -1.0 -1.0 -1.0 -1.0 -1.0 -1.0 -1.0 -1.0 -1.0 
569 2 27 15.0 1.06 -1.0 -1.0 -1.0 -1.0 -1.0 -1.0 -1.0 -1.0 -1.0 -1.0 
590 2 28 15.0 1.1 -1.0 -1.0 -1.0 -1.0 -1.0 -1.0 -1.0 -1.0 -1.0 -1.0 
611 2 29 15.0 1.14 -1.0 -1.0 -1.0 -1.0 -1.0 -1.0 -1.0 -1.0 -1.0 -1.0 
632 2 30 15.0 1.18 -1.0 -1.0 -1.0 -1.0 -1.0 -1.0 -1.0 -1.0 -1.0 -1.0 
24 3 1 25.0 0.02 0.001539658573414 0.023496 0.061646 0.347156 2373.420671 0.001541886810287 0.02339 0.061327 0.344556 2341.102071 
45 3 2 25.0 0.06 0.00040481018328 0.022706 0.059276 0.334692 2189.621093 0.0003865810713429 0.02263 0.05905 0.332911 2167.920384 
66 3 3 25.0 0.1 7.919943972527e-05 0.021331 0.055173 0.309294 1841.831938 7.651861391571e-05 0.021383 0.055326 0.310419 1856.043531 
87 3 4 25.0 0.14 1.706428954347e-05 0.020046 0.051356 0.285788 1534.56485 1.588997249993e-05 0.020027 0.051299 0.285331 1532.285264 
108 3 5 25.0 0.18 4.865514125479e-06 0.019195 0.04884 0.271763 1333.351319 4.600046688936e-06 0.019233 0.048953 0.27263 1338.666734 
129 3 6 25.0 0.22 1.629541297733e-06 0.01876 0.047561 0.266546 1216.525439 1.528445881311e-06 0.018738 0.047496 0.266079 1212.449783 
150 3 7 25.0 0.26 6.315463359461e-07 0.018369 0.046411 0.261696 1121.92239 5.89426216636e-07 0.01838 0.046442 0.26195 1122.560635 
171 3 8 25.0 0.3 2.828679329019e-07 0.01803 0.045415 0.257547 1041.738156 2.5794874292e-07 0.018013 0.045366 0.257136 1039.182266 
192 3 9 25.0 0.34 1.49248693592e-07 0.017708 0.044473 0.253047 968.060734 1.28981202668e-07 0.017681 0.044394 0.252497 964.189491 
213 3 10 25.0 0.38 9.019955512217e-08 0.017382 0.043523 0.247884 901.700769 7.445864679298e-08 0.017383 0.043525 0.247802 900.431081 
234 3 11 25.0 0.42 6.751350646626e-08 0.017122 0.042763 0.24311 853.372771 5.623127851391e-08 0.01707 0.042611 0.242271 878.017993 
255 3 12 25.0 0.46 -1.0 -1.0 -1.0 -1.0 -1.0 -1.0 -1.0 -1.0 -1.0 -1.0 
276 3 13 25.0 0.5 0.0 0.016167 0.039988 0.221488 803.831431 -1.0 -1.0 -1.0 -1.0 -1.0 
297 3 14 25.0 0.54 -1.0 -1.0 -1.0 -1.0 -1.0 -1.0 -1.0 -1.0 -1.0 -1.0 
318 3 15 25.0 0.58 -1.0 -1.0 -1.0 -1.0 -1.0 -1.0 -1.0 -1.0 -1.0 -1.0 
339 3 16 25.0 0.62 -1.0 -1.0 -1.0 -1.0 -1.0 -1.0 -1.0 -1.0 -1.0 -1.0 
360 3 17 25.0 0.66 -1.0 -1.0 -1.0 -1.0 -1.0 -1.0 -1.0 -1.0 -1.0 -1.0 
381 3 18 25.0 0.7 -1.0 -1.0 -1.0 -1.0 -1.0 -1.0 -1.0 -1.0 -1.0 -1.0 
402 3 19 25.0 0.74 -1.0 -1.0 -1.0 -1.0 -1.0 -1.0 -1.0 -1.0 -1.0 -1.0 
423 3 20 25.0 0.78 -1.0 -1.0 -1.0 -1.0 -1.0 -1.0 -1.0 -1.0 -1.0 -1.0 
444 3 21 25.0 0.82 -1.0 -1.0 -1.0 -1.0 -1.0 -1.0 -1.0 -1.0 -1.0 -1.0 
465 3 22 25.0 0.86 -1.0 -1.0 -1.0 -1.0 -1.0 -1.0 -1.0 -1.0 -1.0 -1.0 
486 3 23 25.0 0.9 -1.0 -1.0 -1.0 -1.0 -1.0 -1.0 -1.0 -1.0 -1.0 -1.0 
507 3 24 25.0 0.94 -1.0 -1.0 -1.0 -1.0 -1.0 -1.0 -1.0 -1.0 -1.0 -1.0 
528 3 25 25.0 0.98 -1.0 -1.0 -1.0 -1.0 -1.0 -1.0 -1.0 -1.0 -1.0 -1.0 
549 3 26 25.0 1.02 -1.0 -1.0 -1.0 -1.0 -1.0 -1.0 -1.0 -1.0 -1.0 -1.0 
570 3 27 25.0 1.06 -1.0 -1.0 -1.0 -1.0 -1.0 -1.0 -1.0 -1.0 -1.0 -1.0 
591 3 28 25.0 1.1 -1.0 -1.0 -1.0 -1.0 -1.0 -1.0 -1.0 -1.0 -1.0 -1.0 
612 3 29 25.0 1.14 -1.0 -1.0 -1.0 -1.0 -1.0 -1.0 -1.0 -1.0 -1.0 -1.0 
633 3 30 25.0 1.18 -1.0 -1.0 -1.0 -1.0 -1.0 -1.0 -1.0 -1.0 -1.0 -1.0 
25 4 1 35.0 0.02 0.001558933799421 0.02352 0.061717 0.347236 2374.083505 0.001462195969355 0.023422 0.061423 0.345027 2349.352525 
46 4 2 35.0 0.06 0.0004061898587833 0.022737 0.059371 0.334394 2199.712863 0.0004022991608878 0.022796 0.059545 0.335598 2218.653047 
67 4 3 35.0 0.1 8.352963763234e-05 0.021771 0.056483 0.317616 1948.194822 7.831252200619e-05 0.021786 0.056527 0.317913 1953.723896 
88 4 4 35.0 0.14 1.885493823857e-05 0.020765 0.053487 0.299909 1687.742175 1.768258467642e-05 0.020768 0.053497 0.299912 1686.643998 
109 4 5 35.0 0.18 5.306849153923e-06 0.020047 0.051357 0.28818 1490.119481 4.821658985178e-06 0.020033 0.051319 0.28791 1488.018092 
130 4 6 35.0 0.22 1.740184363451e-06 0.019565 0.049934 0.281441 1345.580974 1.60711217827e-06 0.019551 0.049893 0.281128 1346.416731 
151 4 7 35.0 0.26 6.528010505949e-07 0.019106 0.048579 0.274645 1226.165706 6.125634333443e-07 0.019082 0.048509 0.274128 1223.189625 
172 4 8 35.0 0.3 2.862755784745e-07 0.018655 0.047251 0.267632 1120.633225 2.730446611886e-07 0.018659 0.047264 0.267679 1122.435655 
193 4 9 35.0 0.34 1.462525288693e-07 0.01825 0.046062 0.261146 1032.338677 1.384525492956e-07 0.018247 0.046052 0.261035 1032.293342 
214 4 10 35.0 0.38 8.585286631461e-08 0.017901 0.04504 0.255352 962.883132 7.990260187541e-08 0.017907 0.045056 0.255431 965.08692 
235 4 11 35.0 0.42 5.606209690287e-08 0.017649 0.044301 0.250893 918.338288 5.203932137282e-08 0.01766 0.044333 0.251082 921.713197 
256 4 12 35.0 0.46 3.92480994955e-08 0.017441 0.043694 0.247024 890.499817 3.686540440966e-08 0.017464 0.043761 0.247366 895.800315 
277 4 13 35.0 0.5 2.932216461952e-08 0.01719 0.042962 0.242035 855.818675 2.763637858995e-08 0.017255 0.04315 0.243287 867.285706 
298 4 14 35.0 0.54 -1.0 -1.0 -1.0 -1.0 -1.0 -1.0 -1.0 -1.0 -1.0 -1.0 
319 4 15 35.0 0.58 -1.0 -1.0 -1.0 -1.0 -1.0 -1.0 -1.0 -1.0 -1.0 -1.0 
340 4 16 35.0 0.62 -1.0 -1.0 -1.0 -1.0 -1.0 -1.0 -1.0 -1.0 -1.0 -1.0 
361 4 17 35.0 0.66 -1.0 -1.0 -1.0 -1.0 -1.0 -1.0 -1.0 -1.0 -1.0 -1.0 
382 4 18 35.0 0.7 -1.0 -1.0 -1.0 -1.0 -1.0 -1.0 -1.0 -1.0 -1.0 -1.0 
403 4 19 35.0 0.74 -1.0 -1.0 -1.0 -1.0 -1.0 -1.0 -1.0 -1.0 -1.0 -1.0 
424 4 20 35.0 0.78 -1.0 -1.0 -1.0 -1.0 -1.0 -1.0 -1.0 -1.0 -1.0 -1.0 
445 4 21 35.0 0.82 -1.0 -1.0 -1.0 -1.0 -1.0 -1.0 -1.0 -1.0 -1.0 -1.0 
466 4 22 35.0 0.86 -1.0 -1.0 -1.0 -1.0 -1.0 -1.0 -1.0 -1.0 -1.0 -1.0 
487 4 23 35.0 0.9 -1.0 -1.0 -1.0 -1.0 -1.0 -1.0 -1.0 -1.0 -1.0 -1.0 
508 4 24 35.0 0.94 -1.0 -1.0 -1.0 -1.0 -1.0 -1.0 -1.0 -1.0 -1.0 -1.0 
529 4 25 35.0 0.98 -1.0 -1.0 -1.0 -1.0 -1.0 -1.0 -1.0 -1.0 -1.0 -1.0 
550 4 26 35.0 1.02 -1.0 -1.0 -1.0 -1.0 -1.0 -1.0 -1.0 -1.0 -1.0 -1.0 
571 4 27 35.0 1.06 -1.0 -1.0 -1.0 -1.0 -1.0 -1.0 -1.0 -1.0 -1.0 -1.0 
592 4 28 35.0 1.1 -1.0 -1.0 -1.0 -1.0 -1.0 -1.0 -1.0 -1.0 -1.0 -1.0 
613 4 29 35.0 1.14 -1.0 -1.0 -1.0 -1.0 -1.0 -1.0 -1.0 -1.0 -1.0 -1.0 
634 4 30 35.0 1.18 -1.0 -1.0 -1.0 -1.0 -1.0 -1.0 -1.0 -1.0 -1.0 -1.0 
26 5 1 45.0 0.02 0.001587494673369 0.023705 0.062272 0.35086 2420.092068 0.001645329766467 0.023607 0.061978 0.348199 2397.436108 
47 5 2 45.0 0.06 0.000454438324598 0.022896 0.059846 0.336409 2248.481677 0.000435303336277 0.022968 0.060062 0.338151 2270.994103 
68 5 3 45.0 0.1 8.851481621634e-05 0.022161 0.057646 0.324278 2064.21098 8.066636836143e-05 0.022108 0.057488 0.323104 2043.270095 
89 5 4 45.0 0.14 1.966640363452e-05 0.021442 0.055503 0.312349 1849.11242 1.765250627184e-05 0.021406 0.055396 0.311508 1843.585548 
110 5 5 45.0 0.18 5.526727116848e-06 0.020896 0.053879 0.303781 1681.56925 4.911363451599e-06 0.020901 0.053893 0.3039 1682.881663 
131 5 6 45.0 0.22 1.871737222331e-06 0.020498 0.052696 0.298118 1549.091361 1.643297605522e-06 0.020452 0.052558 0.297099 1542.153936 
152 5 7 45.0 0.26 7.160442962879e-07 0.020023 0.051287 0.290229 1421.271299 6.545735198332e-07 0.019986 0.051177 0.289448 1416.44031 
173 5 8 45.0 0.3 3.188212700675e-07 0.019551 0.049891 0.281991 1314.450246 3.113773248916e-07 0.019555 0.049903 0.282141 1314.998772 
194 5 9 45.0 0.34 1.619188853899e-07 0.019142 0.048684 0.274796 1227.710423 1.697989781757e-07 0.019152 0.048715 0.274997 1229.526011 
215 5 10 45.0 0.38 9.476379393063e-08 0.018802 0.047684 0.268776 1159.811587 1.047464023954e-07 0.018832 0.047772 0.269349 1164.948728 
236 5 11 45.0 0.42 6.117949405798e-08 0.018545 0.046927 0.264093 1110.164284 7.022832563874e-08 0.01854 0.046913 0.263889 1112.389921 
257 5 12 45.0 0.46 4.198145339088e-08 0.018327 0.046286 0.259926 1071.444429 4.994925287009e-08 0.018326 0.046285 0.259772 1073.1209 
278 5 13 45.0 0.5 2.997986585663e-08 0.018159 0.045796 0.256369 1044.997095 3.694564384233e-08 0.018186 0.045874 0.256766 1049.689511 
299 5 14 45.0 0.54 2.209280290164e-08 0.018062 0.045511 0.253903 1031.81325 2.813213332086e-08 0.018082 0.045569 0.25434 1035.540039 
320 5 15 45.0 0.58 1.637775206081e-08 0.018021 0.04539 0.252336 1027.09122 2.165526688846e-08 0.018019 0.045385 0.252285 1030.758824 
341 5 16 45.0 0.62 1.211193713537e-08 0.017981 0.045273 0.250866 1025.524714 1.663087450031e-08 0.017973 0.04525 0.250775 1026.142814 
362 5 17 45.0 0.66 9.39269934102e-09 0.018019 0.045384 0.25089 1050.680534 1.33188969056e-08 0.018038 0.045439 0.251038 1046.70846 
383 5 18 45.0 0.7 6.958030470903e-09 0.017939 0.045151 0.248383 1016.0699 1.145754649792e-08 0.01826 0.046089 0.254375 1089.639546 
404 5 19 45.0 0.74 -1.0 -1.0 -1.0 -1.0 -1.0 -1.0 -1.0 -1.0 -1.0 -1.0 
425 5 20 45.0 0.78 -1.0 -1.0 -1.0 -1.0 -1.0 -1.0 -1.0 -1.0 -1.0 -1.0 
446 5 21 45.0 0.82 -1.0 -1.0 -1.0 -1.0 -1.0 -1.0 -1.0 -1.0 -1.0 -1.0 
467 5 22 45.0 0.86 -1.0 -1.0 -1.0 -1.0 -1.0 -1.0 -1.0 -1.0 -1.0 -1.0 
488 5 23 45.0 0.9 -1.0 -1.0 -1.0 -1.0 -1.0 -1.0 -1.0 -1.0 -1.0 -1.0 
509 5 24 45.0 0.94 -1.0 -1.0 -1.0 -1.0 -1.0 -1.0 -1.0 -1.0 -1.0 -1.0 
530 5 25 45.0 0.98 -1.0 -1.0 -1.0 -1.0 -1.0 -1.0 -1.0 -1.0 -1.0 -1.0 
551 5 26 45.0 1.02 -1.0 -1.0 -1.0 -1.0 -1.0 -1.0 -1.0 -1.0 -1.0 -1.0 
572 5 27 45.0 1.06 -1.0 -1.0 -1.0 -1.0 -1.0 -1.0 -1.0 -1.0 -1.0 -1.0 
593 5 28 45.0 1.1 -1.0 -1.0 -1.0 -1.0 -1.0 -1.0 -1.0 -1.0 -1.0 -1.0 
614 5 29 45.0 1.14 -1.0 -1.0 -1.0 -1.0 -1.0 -1.0 -1.0 -1.0 -1.0 -1.0 
635 5 30 45.0 1.18 -1.0 -1.0 -1.0 -1.0 -1.0 -1.0 -1.0 -1.0 -1.0 -1.0 
27 6 1 55.0 0.02 0.001629598959197 0.023649 0.062103 0.348442 2419.761562 0.001676910892252 0.02368 0.062198 0.349027 2426.597672 
48 6 2 55.0 0.06 0.0004963658789437 0.023119 0.060514 0.33981 2321.846005 0.0004944627693414 0.02316 0.060639 0.340624 2327.055469 
69 6 3 55.0 0.1 9.953090191226e-05 0.022464 0.058552 0.328482 2165.48796 9.335429985754e-05 0.022494 0.058644 0.329139 2178.502393 
90 6 4 55.0 0.14 2.286209798925e-05 0.021838 0.056683 0.317506 1991.837418 2.009726110311e-05 0.021869 0.056774 0.318212 1997.266116 
111 6 5 55.0 0.18 6.48985608773e-06 0.021513 0.055713 0.313136 1873.062829 5.414216498321e-06 0.021524 0.055748 0.313458 1876.779161 
132 6 6 55.0 0.22 2.148121492715e-06 0.021236 0.05489 0.309252 1777.080149 1.743298420912e-06 0.021221 0.054844 0.308983 1773.636307 
153 6 7 55.0 0.26 8.207551697573e-07 0.020922 0.053954 0.303938 1688.155859 6.886974587083e-07 0.020888 0.053853 0.303287 1679.907505 
174 6 8 55.0 0.3 3.592599386673e-07 0.020648 0.053141 0.299121 1618.326722 3.348072700654e-07 0.020628 0.053081 0.29876 1612.072031 
195 6 9 55.0 0.34 1.860260557792e-07 0.020375 0.05233 0.294058 1551.377776 2.039881832097e-07 0.020381 0.052348 0.294131 1552.794074 
216 6 10 55.0 0.38 1.107029606869e-07 0.020127 0.051597 0.289054 1497.866339 1.421730527901e-07 0.020191 0.051786 0.290452 1508.484877 
237 6 11 55.0 0.42 7.320153269717e-08 0.020002 0.051224 0.286537 1469.28415 1.057011946423e-07 0.020011 0.051252 0.286583 1470.898579 
258 6 12 55.0 0.46 5.099532093982e-08 0.019859 0.050801 0.283268 1440.955698 8.225255988937e-08 0.019903 0.050931 0.283958 1452.483167 
279 6 13 55.0 0.5 3.66046279491e-08 0.019738 0.050445 0.280173 1422.072811 6.525856263671e-08 0.019846 0.050764 0.282179 1444.740976 
300 6 14 55.0 0.54 2.687935107202e-08 0.019663 0.050222 0.277895 1413.304877 5.214099105883e-08 0.019811 0.050661 0.280615 1445.397153 
321 6 15 55.0 0.58 1.996122766949e-08 0.019637 0.050145 0.276433 1411.271674 4.115469627988e-08 0.019761 0.050512 0.278692 1438.843282 
342 6 16 55.0 0.62 1.470549363278e-08 0.019462 0.04963 0.27201 1387.334675 3.191032486201e-08 0.019561 0.04992 0.273299 1413.122387 
363 6 17 55.0 0.66 1.080226003263e-08 0.019129 0.048647 0.26422 1345.719162 2.448757991463e-08 0.01924 0.048975 0.265507 1383.045471 
384 6 18 55.0 0.7 -1.0 -1.0 -1.0 -1.0 -1.0 2.333384246363e-08 0.019136 0.048668 0.255946 1481.885861 
405 6 19 55.0 0.74 -1.0 -1.0 -1.0 -1.0 -1.0 -1.0 -1.0 -1.0 -1.0 -1.0 
426 6 20 55.0 0.78 -1.0 -1.0 -1.0 -1.0 -1.0 -1.0 -1.0 -1.0 -1.0 -1.0 
447 6 21 55.0 0.82 -1.0 -1.0 -1.0 -1.0 -1.0 -1.0 -1.0 -1.0 -1.0 -1.0 
468 6 22 55.0 0.86 -1.0 -1.0 -1.0 -1.0 -1.0 -1.0 -1.0 -1.0 -1.0 -1.0 
489 6 23 55.0 0.9 -1.0 -1.0 -1.0 -1.0 -1.0 -1.0 -1.0 -1.0 -1.0 -1.0 
510 6 24 55.0 0.94 -1.0 -1.0 -1.0 -1.0 -1.0 -1.0 -1.0 -1.0 -1.0 -1.0 
531 6 25 55.0 0.98 -1.0 -1.0 -1.0 -1.0 -1.0 -1.0 -1.0 -1.0 -1.0 -1.0 
552 6 26 55.0 1.02 -1.0 -1.0 -1.0 -1.0 -1.0 -1.0 -1.0 -1.0 -1.0 -1.0 
573 6 27 55.0 1.06 -1.0 -1.0 -1.0 -1.0 -1.0 -1.0 -1.0 -1.0 -1.0 -1.0 
594 6 28 55.0 1.1 -1.0 -1.0 -1.0 -1.0 -1.0 -1.0 -1.0 -1.0 -1.0 -1.0 
615 6 29 55.0 1.14 -1.0 -1.0 -1.0 -1.0 -1.0 -1.0 -1.0 -1.0 -1.0 -1.0 
636 6 30 55.0 1.18 -1.0 -1.0 -1.0 -1.0 -1.0 -1.0 -1.0 -1.0 -1.0 -1.0 
28 7 1 65.0 0.02 0.001764865790916 0.023801 0.06256 0.350692 2462.061937 0.001737433623241 0.023892 0.062834 0.352908 2495.431899 
49 7 2 65.0 0.06 0.0005505532660626 0.023279 0.060993 0.341241 2380.221509 0.0005377586894746 0.023353 0.061218 0.34302 2399.056722 
70 7 3 65.0 0.1 0.00011225737102 0.022821 0.059622 0.333272 2311.258087 0.0001030455293624 0.022812 0.059595 0.333102 2308.351732 
91 7 4 65.0 0.14 2.566313534988e-05 0.022293 0.058043 0.323337 2179.148668 2.167560654235e-05 0.022298 0.058057 0.323478 2182.578066 
112 7 5 65.0 0.18 6.983313412852e-06 0.021983 0.057116 0.317979 2090.153903 5.424530451518e-06 0.021975 0.057093 0.317865 2084.931894 
133 7 6 65.0 0.22 2.196731661182e-06 0.021841 0.056691 0.316099 2029.858432 1.525774388938e-06 0.021795 0.056554 0.315139 2016.651432 
154 7 7 65.0 0.26 8.937690702174e-07 0.021718 0.056326 0.314118 1981.169627 6.219909597289e-07 0.021688 0.056236 0.313611 1974.645526 
175 7 8 65.0 0.3 4.166390300159e-07 0.021641 0.056096 0.312721 1960.678232 3.349413194915e-07 0.021634 0.056076 0.312808 1953.185687 
196 7 9 65.0 0.34 2.200340160156e-07 0.021526 0.055752 0.309983 1931.666092 2.315645801872e-07 0.021561 0.055857 0.310806 1941.646495 
217 7 10 65.0 0.38 1.334875177384e-07 0.02151 0.055704 0.308969 1939.179685 1.868826738734e-07 0.021566 0.055872 0.310178 1948.398068 
238 7 11 65.0 0.42 8.801925124842e-08 0.021473 0.055596 0.30718 1941.3845 1.614756672075e-07 0.021589 0.055941 0.309503 1969.287606 
259 7 12 65.0 0.46 6.269080714903e-08 0.021542 0.0558 0.307233 1973.85539 1.417673951879e-07 0.021613 0.056012 0.308438 1994.726663 
280 7 13 65.0 0.5 4.553745419507e-08 0.021471 0.055589 0.303644 1976.184651 1.231821983058e-07 0.021637 0.056084 0.307151 2020.765758 
301 7 14 65.0 0.54 3.443690452552e-08 0.021598 0.055966 0.304312 2037.702947 1.056871004371e-07 0.021692 0.056247 0.306095 2061.816361 
322 7 15 65.0 0.58 2.598009700726e-08 0.021635 0.056078 0.302312 2082.85257 8.786539480278e-08 0.021678 0.056206 0.303054 2099.698245 
343 7 16 65.0 0.62 1.930182152861e-08 0.021482 0.055621 0.29533 2107.202228 6.916547162612e-08 0.021619 0.05603 0.29833 2144.038947 
364 7 17 65.0 0.66 1.485636220415e-08 0.021659 0.056148 0.293797 2242.328024 4.92817769641e-08 0.021503 0.055683 0.291562 2187.693742 
385 7 18 65.0 0.7 1.171977126681e-08 0.022018 0.057221 0.295948 2439.425586 3.16577547859e-08 0.021776 0.056498 0.290909 2360.957262 
406 7 19 65.0 0.74 8.527627165726e-09 0.022307 0.058084 0.296004 2606.306004 2.189760183181e-08 0.022413 0.058401 0.298467 2667.967539 
427 7 20 65.0 0.78 -1.0 -1.0 -1.0 -1.0 -1.0 -1.0 -1.0 -1.0 -1.0 -1.0 
448 7 21 65.0 0.82 -1.0 -1.0 -1.0 -1.0 -1.0 -1.0 -1.0 -1.0 -1.0 -1.0 
469 7 22 65.0 0.86 -1.0 -1.0 -1.0 -1.0 -1.0 -1.0 -1.0 -1.0 -1.0 -1.0 
490 7 23 65.0 0.9 -1.0 -1.0 -1.0 -1.0 -1.0 -1.0 -1.0 -1.0 -1.0 -1.0 
511 7 24 65.0 0.94 -1.0 -1.0 -1.0 -1.0 -1.0 -1.0 -1.0 -1.0 -1.0 -1.0 
532 7 25 65.0 0.98 -1.0 -1.0 -1.0 -1.0 -1.0 -1.0 -1.0 -1.0 -1.0 -1.0 
553 7 26 65.0 1.02 -1.0 -1.0 -1.0 -1.0 -1.0 -1.0 -1.0 -1.0 -1.0 -1.0 
574 7 27 65.0 1.06 -1.0 -1.0 -1.0 -1.0 -1.0 -1.0 -1.0 -1.0 -1.0 -1.0 
595 7 28 65.0 1.1 -1.0 -1.0 -1.0 -1.0 -1.0 -1.0 -1.0 -1.0 -1.0 -1.0 
616 7 29 65.0 1.14 -1.0 -1.0 -1.0 -1.0 -1.0 -1.0 -1.0 -1.0 -1.0 -1.0 
637 7 30 65.0 1.18 -1.0 -1.0 -1.0 -1.0 -1.0 -1.0 -1.0 -1.0 -1.0 -1.0 
29 8 1 75.0 0.02 0.001716002436582 0.02375 0.062409 0.348247 2440.353187 0.001745797093957 0.023829 0.062646 0.350109 2478.512695 
50 8 2 75.0 0.06 0.0006225241518304 0.023528 0.061742 0.344584 2464.592317 0.0005598535207937 0.023516 0.061704 0.344325 2459.459387 
71 8 3 75.0 0.1 0.0001160349396883 0.023158 0.06063 0.337311 2443.171485 0.0001125319592938 0.023194 0.060739 0.338151 2446.678318 
92 8 4 75.0 0.14 2.752586338129e-05 0.022897 0.059848 0.332103 2413.375851 2.24218094798e-05 0.022897 0.05985 0.332048 2418.972221 
113 8 5 75.0 0.18 7.301733685288e-06 0.022655 0.059124 0.326797 2376.333827 5.057343543564e-06 0.022655 0.059125 0.326767 2377.715773 
134 8 6 75.0 0.22 2.517744965909e-06 0.022585 0.058916 0.324995 2355.829091 1.438240542115e-06 0.022557 0.05883 0.324489 2351.490442 
155 8 7 75.0 0.26 1.039215338824e-06 0.022646 0.059097 0.325797 2375.190382 5.44413083884e-07 0.022613 0.058999 0.325135 2366.529752 
176 8 8 75.0 0.3 4.831092506948e-07 0.022674 0.059182 0.325299 2395.655149 3.140140740339e-07 0.022671 0.059173 0.325247 2395.841113 
197 8 9 75.0 0.34 2.605045382149e-07 0.022753 0.059419 0.325394 2443.794 2.607360981679e-07 0.022768 0.059461 0.325729 2443.540608 
218 8 10 75.0 0.38 1.591249684273e-07 0.022826 0.059636 0.32517 2491.283617 2.418632778301e-07 0.022883 0.059808 0.3264 2501.066411 
239 8 11 75.0 0.42 1.076416706914e-07 0.022963 0.060046 0.325781 2568.341796 2.183685136477e-07 0.022977 0.060088 0.326243 2565.27599 
260 8 12 75.0 0.46 7.727432805766e-08 0.023074 0.060379 0.325901 2630.34342 1.860678964499e-07 0.023086 0.060417 0.326486 2623.529248 
281 8 13 75.0 0.5 5.724828236442e-08 0.023186 0.060715 0.325829 2700.507686 1.491020287919e-07 0.023139 0.060575 0.325276 2670.643461 
302 8 14 75.0 0.54 4.330739314236e-08 0.023315 0.061103 0.326002 2775.889303 1.14545060564e-07 0.023248 0.060901 0.32506 2737.621357 
323 8 15 75.0 0.58 3.271761276245e-08 0.023432 0.061452 0.325794 2849.09409 8.45871694815e-08 0.023417 0.061409 0.32583 2833.884328 
344 8 16 75.0 0.62 2.497916431246e-08 0.023662 0.062142 0.32729 2980.878402 6.000355305525e-08 0.02359 0.061927 0.326152 2947.141953 
365 8 17 75.0 0.66 1.899693940751e-08 0.023799 0.062555 0.32693 3086.640773 4.25467810585e-08 0.023808 0.062583 0.327174 3094.641696 
386 8 18 75.0 0.7 1.440410653861e-08 0.024007 0.063179 0.327277 3212.369669 2.892602338323e-08 0.024063 0.063349 0.328468 3244.463147 
407 8 19 75.0 0.74 1.112653424871e-08 0.024288 0.064024 0.329881 3428.277702 2.037680726043e-08 0.024165 0.063654 0.328383 3323.651158 
428 8 20 75.0 0.78 -1.0 -1.0 -1.0 -1.0 -1.0 -1.0 -1.0 -1.0 -1.0 -1.0 
449 8 21 75.0 0.82 -1.0 -1.0 -1.0 -1.0 -1.0 -1.0 -1.0 -1.0 -1.0 -1.0 
470 8 22 75.0 0.86 -1.0 -1.0 -1.0 -1.0 -1.0 -1.0 -1.0 -1.0 -1.0 -1.0 
491 8 23 75.0 0.9 -1.0 -1.0 -1.0 -1.0 -1.0 -1.0 -1.0 -1.0 -1.0 -1.0 
512 8 24 75.0 0.94 -1.0 -1.0 -1.0 -1.0 -1.0 -1.0 -1.0 -1.0 -1.0 -1.0 
533 8 25 75.0 0.98 -1.0 -1.0 -1.0 -1.0 -1.0 -1.0 -1.0 -1.0 -1.0 -1.0 
554 8 26 75.0 1.02 -1.0 -1.0 -1.0 -1.0 -1.0 -1.0 -1.0 -1.0 -1.0 -1.0 
575 8 27 75.0 1.06 -1.0 -1.0 -1.0 -1.0 -1.0 -1.0 -1.0 -1.0 -1.0 -1.0 
596 8 28 75.0 1.1 -1.0 -1.0 -1.0 -1.0 -1.0 -1.0 -1.0 -1.0 -1.0 -1.0 
617 8 29 75.0 1.14 -1.0 -1.0 -1.0 -1.0 -1.0 -1.0 -1.0 -1.0 -1.0 -1.0 
638 8 30 75.0 1.18 -1.0 -1.0 -1.0 -1.0 -1.0 -1.0 -1.0 -1.0 -1.0 -1.0 
30 9 1 85.0 0.02 0.001893537626552 0.024081 0.063404 0.354982 2553.750948 0.001731120851955 0.023966 0.063057 0.352155 2508.550848 
51 9 2 85.0 0.06 0.0006339247387656 0.023732 0.062353 0.346838 2529.988169 0.0006031959055871 0.023795 0.062543 0.348286 2542.601555 
72 9 3 85.0 0.1 0.0001255112288998 0.023568 0.061861 0.342791 2573.135465 0.0001136975875221 0.023555 0.061823 0.342553 2566.918778 
93 9 4 85.0 0.14 2.818153637306e-05 0.023476 0.061585 0.339804 2635.989193 2.325925076995e-05 0.02349 0.061628 0.340202 2638.752302 
114 9 5 85.0 0.18 8.245918096623e-06 0.023495 0.061643 0.338993 2714.196942 5.625138869413e-06 0.023505 0.061672 0.339124 2715.961664 
135 9 6 85.0 0.22 2.870429709557e-06 0.023577 0.061887 0.339054 2797.816247 1.650083316958e-06 0.023579 0.061896 0.339033 2797.164702 
156 9 7 85.0 0.26 1.19730898053e-06 0.023717 0.062308 0.3403 2883.546463 6.857666698387e-07 0.023731 0.06235 0.340239 2890.73701 
177 9 8 85.0 0.3 5.660300033853e-07 0.023846 0.062697 0.341315 2937.887438 4.042160531284e-07 0.023862 0.062743 0.341473 2945.267821 
198 9 9 85.0 0.34 3.040334287623e-07 0.023948 0.063002 0.341479 3001.726646 3.117737818643e-07 0.023986 0.063116 0.342224 3014.578337 
219 9 10 85.0 0.38 1.889497266347e-07 0.024122 0.063525 0.342926 3097.04245 2.610738344021e-07 0.024133 0.063561 0.343207 3101.072843 
240 9 11 85.0 0.42 1.3104444905e-07 0.024333 0.06416 0.344788 3229.266636 2.157396497909e-07 0.024337 0.064174 0.344813 3217.305906 
261 9 12 85.0 0.46 9.69251320663e-08 0.024605 0.064978 0.347619 3367.995227 1.752979585908e-07 0.02461 0.064995 0.347613 3367.532575 
282 9 13 85.0 0.5 7.806952425694e-08 0.024886 0.065827 0.350852 3523.366604 1.406047676243e-07 0.025021 0.066232 0.352965 3638.166515 
303 9 14 85.0 0.54 -1.0 -1.0 -1.0 -1.0 -1.0 -1.0 -1.0 -1.0 -1.0 -1.0 
324 9 15 85.0 0.58 -1.0 -1.0 -1.0 -1.0 -1.0 -1.0 -1.0 -1.0 -1.0 -1.0 
345 9 16 85.0 0.62 -1.0 -1.0 -1.0 -1.0 -1.0 -1.0 -1.0 -1.0 -1.0 -1.0 
366 9 17 85.0 0.66 -1.0 -1.0 -1.0 -1.0 -1.0 -1.0 -1.0 -1.0 -1.0 -1.0 
387 9 18 85.0 0.7 -1.0 -1.0 -1.0 -1.0 -1.0 -1.0 -1.0 -1.0 -1.0 -1.0 
408 9 19 85.0 0.74 -1.0 -1.0 -1.0 -1.0 -1.0 -1.0 -1.0 -1.0 -1.0 -1.0 
429 9 20 85.0 0.78 -1.0 -1.0 -1.0 -1.0 -1.0 -1.0 -1.0 -1.0 -1.0 -1.0 
450 9 21 85.0 0.82 -1.0 -1.0 -1.0 -1.0 -1.0 -1.0 -1.0 -1.0 -1.0 -1.0 
471 9 22 85.0 0.86 -1.0 -1.0 -1.0 -1.0 -1.0 -1.0 -1.0 -1.0 -1.0 -1.0 
492 9 23 85.0 0.9 -1.0 -1.0 -1.0 -1.0 -1.0 -1.0 -1.0 -1.0 -1.0 -1.0 
513 9 24 85.0 0.94 -1.0 -1.0 -1.0 -1.0 -1.0 -1.0 -1.0 -1.0 -1.0 -1.0 
534 9 25 85.0 0.98 -1.0 -1.0 -1.0 -1.0 -1.0 -1.0 -1.0 -1.0 -1.0 -1.0 
555 9 26 85.0 1.02 -1.0 -1.0 -1.0 -1.0 -1.0 -1.0 -1.0 -1.0 -1.0 -1.0 
576 9 27 85.0 1.06 -1.0 -1.0 -1.0 -1.0 -1.0 -1.0 -1.0 -1.0 -1.0 -1.0 
597 9 28 85.0 1.1 -1.0 -1.0 -1.0 -1.0 -1.0 -1.0 -1.0 -1.0 -1.0 -1.0 
618 9 29 85.0 1.14 -1.0 -1.0 -1.0 -1.0 -1.0 -1.0 -1.0 -1.0 -1.0 -1.0 
639 9 30 85.0 1.18 -1.0 -1.0 -1.0 -1.0 -1.0 -1.0 -1.0 -1.0 -1.0 -1.0 
31 10 1 95.0 0.02 0.001877287324334 0.024274 0.063983 0.358096 2616.578199 0.001631991288656 0.023951 0.063012 0.350434 2499.930517 
52 10 2 95.0 0.06 0.0006704364255017 0.023928 0.062943 0.348827 2580.041244 0.0005951054587584 0.023893 0.062836 0.347985 2571.690992 
73 10 3 95.0 0.1 0.0001400752216668 0.023964 0.063051 0.347873 2683.493555 0.0001230065159439 0.023927 0.062939 0.346933 2677.29251 
94 10 4 95.0 0.14 3.117740266977e-05 0.024066 0.063357 0.347814 2828.422809 2.716779597385e-05 0.024059 0.063337 0.347742 2816.488857 
115 10 5 95.0 0.18 9.780176739275e-06 0.024232 0.063858 0.349524 2975.493488 7.348980652388e-06 0.024235 0.063866 0.349499 2980.816631 
136 10 6 95.0 0.22 3.536845705146e-06 0.024415 0.064407 0.351265 3131.48876 2.472479985321e-06 0.024445 0.064499 0.351909 3154.991809 
157 10 7 95.0 0.26 1.582860166024e-06 0.024707 0.065286 0.355294 3359.016364 1.10663788306e-06 0.024709 0.065294 0.355143 3342.236905 
178 10 8 95.0 0.3 8.492871020744e-07 0.025157 0.066643 0.362606 3599.123028 6.732868224017e-07 0.025059 0.066349 0.359327 3630.843984 
199 10 9 95.0 0.34 -1.0 -1.0 -1.0 -1.0 -1.0 -1.0 -1.0 -1.0 -1.0 -1.0 
220 10 10 95.0 0.38 -1.0 -1.0 -1.0 -1.0 -1.0 -1.0 -1.0 -1.0 -1.0 -1.0 
241 10 11 95.0 0.42 -1.0 -1.0 -1.0 -1.0 -1.0 3.206720120565e-07 0.032352 0.088521 0.493336 8173.815661 
262 10 12 95.0 0.46 -1.0 -1.0 -1.0 -1.0 -1.0 -1.0 -1.0 -1.0 -1.0 -1.0 
283 10 13 95.0 0.5 -1.0 -1.0 -1.0 -1.0 -1.0 -1.0 -1.0 -1.0 -1.0 -1.0 
304 10 14 95.0 0.54 -1.0 -1.0 -1.0 -1.0 -1.0 -1.0 -1.0 -1.0 -1.0 -1.0 
325 10 15 95.0 0.58 -1.0 -1.0 -1.0 -1.0 -1.0 -1.0 -1.0 -1.0 -1.0 -1.0 
346 10 16 95.0 0.62 -1.0 -1.0 -1.0 -1.0 -1.0 -1.0 -1.0 -1.0 -1.0 -1.0 
367 10 17 95.0 0.66 -1.0 -1.0 -1.0 -1.0 -1.0 -1.0 -1.0 -1.0 -1.0 -1.0 
388 10 18 95.0 0.7 -1.0 -1.0 -1.0 -1.0 -1.0 -1.0 -1.0 -1.0 -1.0 -1.0 
409 10 19 95.0 0.74 -1.0 -1.0 -1.0 -1.0 -1.0 -1.0 -1.0 -1.0 -1.0 -1.0 
430 10 20 95.0 0.78 -1.0 -1.0 -1.0 -1.0 -1.0 -1.0 -1.0 -1.0 -1.0 -1.0 
451 10 21 95.0 0.82 -1.0 -1.0 -1.0 -1.0 -1.0 -1.0 -1.0 -1.0 -1.0 -1.0 
472 10 22 95.0 0.86 -1.0 -1.0 -1.0 -1.0 -1.0 -1.0 -1.0 -1.0 -1.0 -1.0 
493 10 23 95.0 0.9 -1.0 -1.0 -1.0 -1.0 -1.0 -1.0 -1.0 -1.0 -1.0 -1.0 
514 10 24 95.0 0.94 -1.0 -1.0 -1.0 -1.0 -1.0 -1.0 -1.0 -1.0 -1.0 -1.0 
535 10 25 95.0 0.98 -1.0 -1.0 -1.0 -1.0 -1.0 -1.0 -1.0 -1.0 -1.0 -1.0 
556 10 26 95.0 1.02 -1.0 -1.0 -1.0 -1.0 -1.0 -1.0 -1.0 -1.0 -1.0 -1.0 
577 10 27 95.0 1.06 -1.0 -1.0 -1.0 -1.0 -1.0 -1.0 -1.0 -1.0 -1.0 -1.0 
598 10 28 95.0 1.1 -1.0 -1.0 -1.0 -1.0 -1.0 -1.0 -1.0 -1.0 -1.0 -1.0 
619 10 29 95.0 1.14 -1.0 -1.0 -1.0 -1.0 -1.0 -1.0 -1.0 -1.0 -1.0 -1.0 
640 10 30 95.0 1.18 -1.0 -1.0 -1.0 -1.0 -1.0 -1.0 -1.0 -1.0 -1.0 -1.0 
32 11 1 105.0 0.02 0.00187323467182 0.024141 0.063584 0.353838 2565.055463 0.00197646124282 0.02432 0.064123 0.35816 2612.283167 
53 11 2 105.0 0.06 0.0007138154940449 0.024185 0.063716 0.352555 2639.20397 0.0006180166022998 0.024225 0.063837 0.353077 2662.227919 
74 11 3 105.0 0.1 0.0001482043690043 0.024249 0.063908 0.350694 2759.893634 0.0001271859811587 0.024382 0.064309 0.353378 2803.297788 
95 11 4 105.0 0.14 4.010400993009e-05 0.02459 0.064935 0.355415 2958.467171 3.278257171841e-05 0.024612 0.065001 0.355764 2975.202113 
116 11 5 105.0 0.18 1.267061944945e-05 0.025032 0.066268 0.362319 3313.000666 1.07404055255e-05 0.024964 0.066063 0.360913 3152.064235 
137 11 6 105.0 0.22 -1.0 -1.0 -1.0 -1.0 -1.0 -1.0 -1.0 -1.0 -1.0 -1.0 
158 11 7 105.0 0.26 -1.0 -1.0 -1.0 -1.0 -1.0 -1.0 -1.0 -1.0 -1.0 -1.0 
179 11 8 105.0 0.3 -1.0 -1.0 -1.0 -1.0 -1.0 -1.0 -1.0 -1.0 -1.0 -1.0 
200 11 9 105.0 0.34 4.852065010339e-07 0.029938 0.081148 0.445084 6342.459328 -1.0 -1.0 -1.0 -1.0 -1.0 
221 11 10 105.0 0.38 -1.0 -1.0 -1.0 -1.0 -1.0 -1.0 -1.0 -1.0 -1.0 -1.0 
242 11 11 105.0 0.42 -1.0 -1.0 -1.0 -1.0 -1.0 -1.0 -1.0 -1.0 -1.0 -1.0 
263 11 12 105.0 0.46 -1.0 -1.0 -1.0 -1.0 -1.0 4.130854455729e-06 0.029779 0.080664 0.464109 5064.802304 
284 11 13 105.0 0.5 -1.0 -1.0 -1.0 -1.0 -1.0 -1.0 -1.0 -1.0 -1.0 -1.0 
305 11 14 105.0 0.54 -1.0 -1.0 -1.0 -1.0 -1.0 -1.0 -1.0 -1.0 -1.0 -1.0 
326 11 15 105.0 0.58 -1.0 -1.0 -1.0 -1.0 -1.0 -1.0 -1.0 -1.0 -1.0 -1.0 
347 11 16 105.0 0.62 -1.0 -1.0 -1.0 -1.0 -1.0 -1.0 -1.0 -1.0 -1.0 -1.0 
368 11 17 105.0 0.66 -1.0 -1.0 -1.0 -1.0 -1.0 -1.0 -1.0 -1.0 -1.0 -1.0 
389 11 18 105.0 0.7 -1.0 -1.0 -1.0 -1.0 -1.0 -1.0 -1.0 -1.0 -1.0 -1.0 
410 11 19 105.0 0.74 -1.0 -1.0 -1.0 -1.0 -1.0 -1.0 -1.0 -1.0 -1.0 -1.0 
431 11 20 105.0 0.78 -1.0 -1.0 -1.0 -1.0 -1.0 -1.0 -1.0 -1.0 -1.0 -1.0 
452 11 21 105.0 0.82 -1.0 -1.0 -1.0 -1.0 -1.0 -1.0 -1.0 -1.0 -1.0 -1.0 
473 11 22 105.0 0.86 -1.0 -1.0 -1.0 -1.0 -1.0 -1.0 -1.0 -1.0 -1.0 -1.0 
494 11 23 105.0 0.9 -1.0 -1.0 -1.0 -1.0 -1.0 -1.0 -1.0 -1.0 -1.0 -1.0 
515 11 24 105.0 0.94 -1.0 -1.0 -1.0 -1.0 -1.0 -1.0 -1.0 -1.0 -1.0 -1.0 
536 11 25 105.0 0.98 -1.0 -1.0 -1.0 -1.0 -1.0 -1.0 -1.0 -1.0 -1.0 -1.0 
557 11 26 105.0 1.02 -1.0 -1.0 -1.0 -1.0 -1.0 -1.0 -1.0 -1.0 -1.0 -1.0 
578 11 27 105.0 1.06 -1.0 -1.0 -1.0 -1.0 -1.0 -1.0 -1.0 -1.0 -1.0 -1.0 
599 11 28 105.0 1.1 -1.0 -1.0 -1.0 -1.0 -1.0 -1.0 -1.0 -1.0 -1.0 -1.0 
620 11 29 105.0 1.14 -1.0 -1.0 -1.0 -1.0 -1.0 -1.0 -1.0 -1.0 -1.0 -1.0 
641 11 30 105.0 1.18 -1.0 -1.0 -1.0 -1.0 -1.0 -1.0 -1.0 -1.0 -1.0 -1.0 
33 12 1 115.0 0.02 0.002444152385055 0.02458 0.064903 0.36385 2682.186245 0.002011442515583 0.024726 0.065344 0.366519 2722.29929 
54 12 2 115.0 0.06 0.0007743278207497 0.024419 0.06442 0.355768 2699.017706 0.0006840572917622 0.02435 0.064212 0.354305 2679.220368 
75 12 3 115.0 0.1 0.0001833956770324 0.024579 0.064902 0.355837 2797.245298 0.0001544318661679 0.024837 0.065679 0.361242 2897.271585 
96 12 4 115.0 0.14 -1.0 -1.0 -1.0 -1.0 -1.0 -1.0 -1.0 -1.0 -1.0 -1.0 
117 12 5 115.0 0.18 -1.0 -1.0 -1.0 -1.0 -1.0 -1.0 -1.0 -1.0 -1.0 -1.0 
138 12 6 115.0 0.22 -1.0 -1.0 -1.0 -1.0 -1.0 4.981213826507e-06 0.033148 0.090956 0.52878 7353.543458 
159 12 7 115.0 0.26 -1.0 -1.0 -1.0 -1.0 -1.0 -1.0 -1.0 -1.0 -1.0 -1.0 
180 12 8 115.0 0.3 -1.0 -1.0 -1.0 -1.0 -1.0 -1.0 -1.0 -1.0 -1.0 -1.0 
201 12 9 115.0 0.34 -1.0 -1.0 -1.0 -1.0 -1.0 -1.0 -1.0 -1.0 -1.0 -1.0 
222 12 10 115.0 0.38 -1.0 -1.0 -1.0 -1.0 -1.0 -1.0 -1.0 -1.0 -1.0 -1.0 
243 12 11 115.0 0.42 -1.0 -1.0 -1.0 -1.0 -1.0 -1.0 -1.0 -1.0 -1.0 -1.0 
264 12 12 115.0 0.46 -1.0 -1.0 -1.0 -1.0 -1.0 -1.0 -1.0 -1.0 -1.0 -1.0 
285 12 13 115.0 0.5 -1.0 -1.0 -1.0 -1.0 -1.0 -1.0 -1.0 -1.0 -1.0 -1.0 
306 12 14 115.0 0.54 -1.0 -1.0 -1.0 -1.0 -1.0 -1.0 -1.0 -1.0 -1.0 -1.0 
327 12 15 115.0 0.58 -1.0 -1.0 -1.0 -1.0 -1.0 -1.0 -1.0 -1.0 -1.0 -1.0 
348 12 16 115.0 0.62 -1.0 -1.0 -1.0 -1.0 -1.0 -1.0 -1.0 -1.0 -1.0 -1.0 
369 12 17 115.0 0.66 -1.0 -1.0 -1.0 -1.0 -1.0 -1.0 -1.0 -1.0 -1.0 -1.0 
390 12 18 115.0 0.7 -1.0 -1.0 -1.0 -1.0 -1.0 -1.0 -1.0 -1.0 -1.0 -1.0 
411 12 19 115.0 0.74 -1.0 -1.0 -1.0 -1.0 -1.0 -1.0 -1.0 -1.0 -1.0 -1.0 
432 12 20 115.0 0.78 -1.0 -1.0 -1.0 -1.0 -1.0 -1.0 -1.0 -1.0 -1.0 -1.0 
453 12 21 115.0 0.82 -1.0 -1.0 -1.0 -1.0 -1.0 -1.0 -1.0 -1.0 -1.0 -1.0 
474 12 22 115.0 0.86 -1.0 -1.0 -1.0 -1.0 -1.0 -1.0 -1.0 -1.0 -1.0 -1.0 
495 12 23 115.0 0.9 -1.0 -1.0 -1.0 -1.0 -1.0 -1.0 -1.0 -1.0 -1.0 -1.0 
516 12 24 115.0 0.94 -1.0 -1.0 -1.0 -1.0 -1.0 -1.0 -1.0 -1.0 -1.0 -1.0 
537 12 25 115.0 0.98 -1.0 -1.0 -1.0 -1.0 -1.0 -1.0 -1.0 -1.0 -1.0 -1.0 
558 12 26 115.0 1.02 -1.0 -1.0 -1.0 -1.0 -1.0 -1.0 -1.0 -1.0 -1.0 -1.0 
579 12 27 115.0 1.06 -1.0 -1.0 -1.0 -1.0 -1.0 -1.0 -1.0 -1.0 -1.0 -1.0 
600 12 28 115.0 1.1 -1.0 -1.0 -1.0 -1.0 -1.0 -1.0 -1.0 -1.0 -1.0 -1.0 
621 12 29 115.0 1.14 -1.0 -1.0 -1.0 -1.0 -1.0 -1.0 -1.0 -1.0 -1.0 -1.0 
642 12 30 115.0 1.18 -1.0 -1.0 -1.0 -1.0 -1.0 -1.0 -1.0 -1.0 -1.0 -1.0 
34 13 1 125.0 0.02 0.002432222582302 0.024841 0.065692 0.368793 2757.290666 0.002824216365915 0.024322 0.064127 0.358114 2557.58822 
55 13 2 125.0 0.06 -1.0 -1.0 -1.0 -1.0 -1.0 -1.0 -1.0 -1.0 -1.0 -1.0 
76 13 3 125.0 0.1 -1.0 -1.0 -1.0 -1.0 -1.0 -1.0 -1.0 -1.0 -1.0 -1.0 
97 13 4 125.0 0.14 -1.0 -1.0 -1.0 -1.0 -1.0 -1.0 -1.0 -1.0 -1.0 -1.0 
118 13 5 125.0 0.18 -1.0 -1.0 -1.0 -1.0 -1.0 -1.0 -1.0 -1.0 -1.0 -1.0 
139 13 6 125.0 0.22 -1.0 -1.0 -1.0 -1.0 -1.0 -1.0 -1.0 -1.0 -1.0 -1.0 
160 13 7 125.0 0.26 -1.0 -1.0 -1.0 -1.0 -1.0 -1.0 -1.0 -1.0 -1.0 -1.0 
181 13 8 125.0 0.3 -1.0 -1.0 -1.0 -1.0 -1.0 -1.0 -1.0 -1.0 -1.0 -1.0 
202 13 9 125.0 0.34 -1.0 -1.0 -1.0 -1.0 -1.0 -1.0 -1.0 -1.0 -1.0 -1.0 
223 13 10 125.0 0.38 -1.0 -1.0 -1.0 -1.0 -1.0 -1.0 -1.0 -1.0 -1.0 -1.0 
244 13 11 125.0 0.42 -1.0 -1.0 -1.0 -1.0 -1.0 -1.0 -1.0 -1.0 -1.0 -1.0 
265 13 12 125.0 0.46 -1.0 -1.0 -1.0 -1.0 -1.0 -1.0 -1.0 -1.0 -1.0 -1.0 
286 13 13 125.0 0.5 -1.0 -1.0 -1.0 -1.0 -1.0 -1.0 -1.0 -1.0 -1.0 -1.0 
307 13 14 125.0 0.54 -1.0 -1.0 -1.0 -1.0 -1.0 -1.0 -1.0 -1.0 -1.0 -1.0 
328 13 15 125.0 0.58 -1.0 -1.0 -1.0 -1.0 -1.0 -1.0 -1.0 -1.0 -1.0 -1.0 
349 13 16 125.0 0.62 -1.0 -1.0 -1.0 -1.0 -1.0 -1.0 -1.0 -1.0 -1.0 -1.0 
370 13 17 125.0 0.66 -1.0 -1.0 -1.0 -1.0 -1.0 -1.0 -1.0 -1.0 -1.0 -1.0 
391 13 18 125.0 0.7 -1.0 -1.0 -1.0 -1.0 -1.0 -1.0 -1.0 -1.0 -1.0 -1.0 
412 13 19 125.0 0.74 -1.0 -1.0 -1.0 -1.0 -1.0 -1.0 -1.0 -1.0 -1.0 -1.0 
433 13 20 125.0 0.78 -1.0 -1.0 -1.0 -1.0 -1.0 -1.0 -1.0 -1.0 -1.0 -1.0 
454 13 21 125.0 0.82 -1.0 -1.0 -1.0 -1.0 -1.0 -1.0 -1.0 -1.0 -1.0 -1.0 
475 13 22 125.0 0.86 -1.0 -1.0 -1.0 -1.0 -1.0 -1.0 -1.0 -1.0 -1.0 -1.0 
496 13 23 125.0 0.9 -1.0 -1.0 -1.0 -1.0 -1.0 -1.0 -1.0 -1.0 -1.0 -1.0 
517 13 24 125.0 0.94 -1.0 -1.0 -1.0 -1.0 -1.0 -1.0 -1.0 -1.0 -1.0 -1.0 
538 13 25 125.0 0.98 -1.0 -1.0 -1.0 -1.0 -1.0 -1.0 -1.0 -1.0 -1.0 -1.0 
559 13 26 125.0 1.02 -1.0 -1.0 -1.0 -1.0 -1.0 -1.0 -1.0 -1.0 -1.0 -1.0 
580 13 27 125.0 1.06 -1.0 -1.0 -1.0 -1.0 -1.0 -1.0 -1.0 -1.0 -1.0 -1.0 
601 13 28 125.0 1.1 -1.0 -1.0 -1.0 -1.0 -1.0 -1.0 -1.0 -1.0 -1.0 -1.0 
622 13 29 125.0 1.14 -1.0 -1.0 -1.0 -1.0 -1.0 -1.0 -1.0 -1.0 -1.0 -1.0 
643 13 30 125.0 1.18 -1.0 -1.0 -1.0 -1.0 -1.0 -1.0 -1.0 -1.0 -1.0 -1.0 
35 14 1 135.0 0.02 0.003382800897118 0.023775 0.062483 0.346021 2383.458454 -1.0 -1.0 -1.0 -1.0 -1.0 
56 14 2 135.0 0.06 -1.0 -1.0 -1.0 -1.0 -1.0 -1.0 -1.0 -1.0 -1.0 -1.0 
77 14 3 135.0 0.1 -1.0 -1.0 -1.0 -1.0 -1.0 -1.0 -1.0 -1.0 -1.0 -1.0 
98 14 4 135.0 0.14 -1.0 -1.0 -1.0 -1.0 -1.0 -1.0 -1.0 -1.0 -1.0 -1.0 
119 14 5 135.0 0.18 -1.0 -1.0 -1.0 -1.0 -1.0 -1.0 -1.0 -1.0 -1.0 -1.0 
140 14 6 135.0 0.22 -1.0 -1.0 -1.0 -1.0 -1.0 -1.0 -1.0 -1.0 -1.0 -1.0 
161 14 7 135.0 0.26 -1.0 -1.0 -1.0 -1.0 -1.0 -1.0 -1.0 -1.0 -1.0 -1.0 
182 14 8 135.0 0.3 -1.0 -1.0 -1.0 -1.0 -1.0 -1.0 -1.0 -1.0 -1.0 -1.0 
203 14 9 135.0 0.34 -1.0 -1.0 -1.0 -1.0 -1.0 -1.0 -1.0 -1.0 -1.0 -1.0 
224 14 10 135.0 0.38 -1.0 -1.0 -1.0 -1.0 -1.0 -1.0 -1.0 -1.0 -1.0 -1.0 
245 14 11 135.0 0.42 -1.0 -1.0 -1.0 -1.0 -1.0 -1.0 -1.0 -1.0 -1.0 -1.0 
266 14 12 135.0 0.46 -1.0 -1.0 -1.0 -1.0 -1.0 -1.0 -1.0 -1.0 -1.0 -1.0 
287 14 13 135.0 0.5 -1.0 -1.0 -1.0 -1.0 -1.0 -1.0 -1.0 -1.0 -1.0 -1.0 
308 14 14 135.0 0.54 -1.0 -1.0 -1.0 -1.0 -1.0 -1.0 -1.0 -1.0 -1.0 -1.0 
329 14 15 135.0 0.58 -1.0 -1.0 -1.0 -1.0 -1.0 -1.0 -1.0 -1.0 -1.0 -1.0 
350 14 16 135.0 0.62 -1.0 -1.0 -1.0 -1.0 -1.0 -1.0 -1.0 -1.0 -1.0 -1.0 
371 14 17 135.0 0.66 -1.0 -1.0 -1.0 -1.0 -1.0 -1.0 -1.0 -1.0 -1.0 -1.0 
392 14 18 135.0 0.7 -1.0 -1.0 -1.0 -1.0 -1.0 -1.0 -1.0 -1.0 -1.0 -1.0 
413 14 19 135.0 0.74 -1.0 -1.0 -1.0 -1.0 -1.0 -1.0 -1.0 -1.0 -1.0 -1.0 
434 14 20 135.0 0.78 -1.0 -1.0 -1.0 -1.0 -1.0 -1.0 -1.0 -1.0 -1.0 -1.0 
455 14 21 135.0 0.82 -1.0 -1.0 -1.0 -1.0 -1.0 -1.0 -1.0 -1.0 -1.0 -1.0 
476 14 22 135.0 0.86 -1.0 -1.0 -1.0 -1.0 -1.0 -1.0 -1.0 -1.0 -1.0 -1.0 
497 14 23 135.0 0.9 -1.0 -1.0 -1.0 -1.0 -1.0 -1.0 -1.0 -1.0 -1.0 -1.0 
518 14 24 135.0 0.94 -1.0 -1.0 -1.0 -1.0 -1.0 -1.0 -1.0 -1.0 -1.0 -1.0 
539 14 25 135.0 0.98 -1.0 -1.0 -1.0 -1.0 -1.0 -1.0 -1.0 -1.0 -1.0 -1.0 
560 14 26 135.0 1.02 -1.0 -1.0 -1.0 -1.0 -1.0 -1.0 -1.0 -1.0 -1.0 -1.0 
581 14 27 135.0 1.06 -1.0 -1.0 -1.0 -1.0 -1.0 -1.0 -1.0 -1.0 -1.0 -1.0 
602 14 28 135.0 1.1 -1.0 -1.0 -1.0 -1.0 -1.0 -1.0 -1.0 -1.0 -1.0 -1.0 
623 14 29 135.0 1.14 -1.0 -1.0 -1.0 -1.0 -1.0 -1.0 -1.0 -1.0 -1.0 -1.0 
644 14 30 135.0 1.18 -1.0 -1.0 -1.0 -1.0 -1.0 -1.0 -1.0 -1.0 -1.0 -1.0 
36 15 1 145.0 0.02 0.003385711871413 0.024981 0.066114 0.373243 2744.994659 -1.0 -1.0 -1.0 -1.0 -1.0 
57 15 2 145.0 0.06 -1.0 -1.0 -1.0 -1.0 -1.0 -1.0 -1.0 -1.0 -1.0 -1.0 
78 15 3 145.0 0.1 -1.0 -1.0 -1.0 -1.0 -1.0 -1.0 -1.0 -1.0 -1.0 -1.0 
99 15 4 145.0 0.14 -1.0 -1.0 -1.0 -1.0 -1.0 -1.0 -1.0 -1.0 -1.0 -1.0 
120 15 5 145.0 0.18 -1.0 -1.0 -1.0 -1.0 -1.0 -1.0 -1.0 -1.0 -1.0 -1.0 
141 15 6 145.0 0.22 -1.0 -1.0 -1.0 -1.0 -1.0 -1.0 -1.0 -1.0 -1.0 -1.0 
162 15 7 145.0 0.26 -1.0 -1.0 -1.0 -1.0 -1.0 -1.0 -1.0 -1.0 -1.0 -1.0 
183 15 8 145.0 0.3 -1.0 -1.0 -1.0 -1.0 -1.0 -1.0 -1.0 -1.0 -1.0 -1.0 
204 15 9 145.0 0.34 -1.0 -1.0 -1.0 -1.0 -1.0 -1.0 -1.0 -1.0 -1.0 -1.0 
225 15 10 145.0 0.38 -1.0 -1.0 -1.0 -1.0 -1.0 -1.0 -1.0 -1.0 -1.0 -1.0 
246 15 11 145.0 0.42 -1.0 -1.0 -1.0 -1.0 -1.0 -1.0 -1.0 -1.0 -1.0 -1.0 
267 15 12 145.0 0.46 -1.0 -1.0 -1.0 -1.0 -1.0 -1.0 -1.0 -1.0 -1.0 -1.0 
288 15 13 145.0 0.5 -1.0 -1.0 -1.0 -1.0 -1.0 -1.0 -1.0 -1.0 -1.0 -1.0 
309 15 14 145.0 0.54 -1.0 -1.0 -1.0 -1.0 -1.0 -1.0 -1.0 -1.0 -1.0 -1.0 
330 15 15 145.0 0.58 -1.0 -1.0 -1.0 -1.0 -1.0 -1.0 -1.0 -1.0 -1.0 -1.0 
351 15 16 145.0 0.62 -1.0 -1.0 -1.0 -1.0 -1.0 -1.0 -1.0 -1.0 -1.0 -1.0 
372 15 17 145.0 0.66 -1.0 -1.0 -1.0 -1.0 -1.0 -1.0 -1.0 -1.0 -1.0 -1.0 
393 15 18 145.0 0.7 -1.0 -1.0 -1.0 -1.0 -1.0 -1.0 -1.0 -1.0 -1.0 -1.0 
414 15 19 145.0 0.74 -1.0 -1.0 -1.0 -1.0 -1.0 -1.0 -1.0 -1.0 -1.0 -1.0 
435 15 20 145.0 0.78 -1.0 -1.0 -1.0 -1.0 -1.0 -1.0 -1.0 -1.0 -1.0 -1.0 
456 15 21 145.0 0.82 -1.0 -1.0 -1.0 -1.0 -1.0 -1.0 -1.0 -1.0 -1.0 -1.0 
477 15 22 145.0 0.86 -1.0 -1.0 -1.0 -1.0 -1.0 -1.0 -1.0 -1.0 -1.0 -1.0 
498 15 23 145.0 0.9 -1.0 -1.0 -1.0 -1.0 -1.0 -1.0 -1.0 -1.0 -1.0 -1.0 
519 15 24 145.0 0.94 -1.0 -1.0 -1.0 -1.0 -1.0 -1.0 -1.0 -1.0 -1.0 -1.0 
540 15 25 145.0 0.98 -1.0 -1.0 -1.0 -1.0 -1.0 -1.0 -1.0 -1.0 -1.0 -1.0 
561 15 26 145.0 1.02 -1.0 -1.0 -1.0 -1.0 -1.0 -1.0 -1.0 -1.0 -1.0 -1.0 
582 15 27 145.0 1.06 -1.0 -1.0 -1.0 -1.0 -1.0 -1.0 -1.0 -1.0 -1.0 -1.0 
603 15 28 145.0 1.1 -1.0 -1.0 -1.0 -1.0 -1.0 -1.0 -1.0 -1.0 -1.0 -1.0 
624 15 29 145.0 1.14 -1.0 -1.0 -1.0 -1.0 -1.0 -1.0 -1.0 -1.0 -1.0 -1.0 
645 15 30 145.0 1.18 -1.0 -1.0 -1.0 -1.0 -1.0 -1.0 -1.0 -1.0 -1.0 -1.0 
37 16 1 155.0 0.02 -1.0 -1.0 -1.0 -1.0 -1.0 -1.0 -1.0 -1.0 -1.0 -1.0 
58 16 2 155.0 0.06 -1.0 -1.0 -1.0 -1.0 -1.0 -1.0 -1.0 -1.0 -1.0 -1.0 
79 16 3 155.0 0.1 -1.0 -1.0 -1.0 -1.0 -1.0 -1.0 -1.0 -1.0 -1.0 -1.0 
100 16 4 155.0 0.14 -1.0 -1.0 -1.0 -1.0 -1.0 -1.0 -1.0 -1.0 -1.0 -1.0 
121 16 5 155.0 0.18 -1.0 -1.0 -1.0 -1.0 -1.0 -1.0 -1.0 -1.0 -1.0 -1.0 
142 16 6 155.0 0.22 -1.0 -1.0 -1.0 -1.0 -1.0 -1.0 -1.0 -1.0 -1.0 -1.0 
163 16 7 155.0 0.26 -1.0 -1.0 -1.0 -1.0 -1.0 -1.0 -1.0 -1.0 -1.0 -1.0 
184 16 8 155.0 0.3 -1.0 -1.0 -1.0 -1.0 -1.0 -1.0 -1.0 -1.0 -1.0 -1.0 
205 16 9 155.0 0.34 -1.0 -1.0 -1.0 -1.0 -1.0 -1.0 -1.0 -1.0 -1.0 -1.0 
226 16 10 155.0 0.38 -1.0 -1.0 -1.0 -1.0 -1.0 -1.0 -1.0 -1.0 -1.0 -1.0 
247 16 11 155.0 0.42 -1.0 -1.0 -1.0 -1.0 -1.0 -1.0 -1.0 -1.0 -1.0 -1.0 
268 16 12 155.0 0.46 -1.0 -1.0 -1.0 -1.0 -1.0 -1.0 -1.0 -1.0 -1.0 -1.0 
289 16 13 155.0 0.5 -1.0 -1.0 -1.0 -1.0 -1.0 -1.0 -1.0 -1.0 -1.0 -1.0 
310 16 14 155.0 0.54 -1.0 -1.0 -1.0 -1.0 -1.0 -1.0 -1.0 -1.0 -1.0 -1.0 
331 16 15 155.0 0.58 -1.0 -1.0 -1.0 -1.0 -1.0 -1.0 -1.0 -1.0 -1.0 -1.0 
352 16 16 155.0 0.62 -1.0 -1.0 -1.0 -1.0 -1.0 -1.0 -1.0 -1.0 -1.0 -1.0 
373 16 17 155.0 0.66 -1.0 -1.0 -1.0 -1.0 -1.0 -1.0 -1.0 -1.0 -1.0 -1.0 
394 16 18 155.0 0.7 -1.0 -1.0 -1.0 -1.0 -1.0 -1.0 -1.0 -1.0 -1.0 -1.0 
415 16 19 155.0 0.74 -1.0 -1.0 -1.0 -1.0 -1.0 -1.0 -1.0 -1.0 -1.0 -1.0 
436 16 20 155.0 0.78 -1.0 -1.0 -1.0 -1.0 -1.0 -1.0 -1.0 -1.0 -1.0 -1.0 
457 16 21 155.0 0.82 -1.0 -1.0 -1.0 -1.0 -1.0 -1.0 -1.0 -1.0 -1.0 -1.0 
478 16 22 155.0 0.86 -1.0 -1.0 -1.0 -1.0 -1.0 -1.0 -1.0 -1.0 -1.0 -1.0 
499 16 23 155.0 0.9 -1.0 -1.0 -1.0 -1.0 -1.0 -1.0 -1.0 -1.0 -1.0 -1.0 
520 16 24 155.0 0.94 -1.0 -1.0 -1.0 -1.0 -1.0 -1.0 -1.0 -1.0 -1.0 -1.0 
541 16 25 155.0 0.98 -1.0 -1.0 -1.0 -1.0 -1.0 -1.0 -1.0 -1.0 -1.0 -1.0 
562 16 26 155.0 1.02 -1.0 -1.0 -1.0 -1.0 -1.0 -1.0 -1.0 -1.0 -1.0 -1.0 
583 16 27 155.0 1.06 -1.0 -1.0 -1.0 -1.0 -1.0 -1.0 -1.0 -1.0 -1.0 -1.0 
604 16 28 155.0 1.1 -1.0 -1.0 -1.0 -1.0 -1.0 -1.0 -1.0 -1.0 -1.0 -1.0 
625 16 29 155.0 1.14 -1.0 -1.0 -1.0 -1.0 -1.0 -1.0 -1.0 -1.0 -1.0 -1.0 
646 16 30 155.0 1.18 -1.0 -1.0 -1.0 -1.0 -1.0 -1.0 -1.0 -1.0 -1.0 -1.0 
38 17 1 165.0 0.02 -1.0 -1.0 -1.0 -1.0 -1.0 -1.0 -1.0 -1.0 -1.0 -1.0 
59 17 2 165.0 0.06 -1.0 -1.0 -1.0 -1.0 -1.0 -1.0 -1.0 -1.0 -1.0 -1.0 
80 17 3 165.0 0.1 -1.0 -1.0 -1.0 -1.0 -1.0 -1.0 -1.0 -1.0 -1.0 -1.0 
101 17 4 165.0 0.14 -1.0 -1.0 -1.0 -1.0 -1.0 -1.0 -1.0 -1.0 -1.0 -1.0 
122 17 5 165.0 0.18 -1.0 -1.0 -1.0 -1.0 -1.0 -1.0 -1.0 -1.0 -1.0 -1.0 
143 17 6 165.0 0.22 -1.0 -1.0 -1.0 -1.0 -1.0 -1.0 -1.0 -1.0 -1.0 -1.0 
164 17 7 165.0 0.26 -1.0 -1.0 -1.0 -1.0 -1.0 -1.0 -1.0 -1.0 -1.0 -1.0 
185 17 8 165.0 0.3 -1.0 -1.0 -1.0 -1.0 -1.0 -1.0 -1.0 -1.0 -1.0 -1.0 
206 17 9 165.0 0.34 -1.0 -1.0 -1.0 -1.0 -1.0 -1.0 -1.0 -1.0 -1.0 -1.0 
227 17 10 165.0 0.38 -1.0 -1.0 -1.0 -1.0 -1.0 -1.0 -1.0 -1.0 -1.0 -1.0 
248 17 11 165.0 0.42 -1.0 -1.0 -1.0 -1.0 -1.0 -1.0 -1.0 -1.0 -1.0 -1.0 
269 17 12 165.0 0.46 -1.0 -1.0 -1.0 -1.0 -1.0 -1.0 -1.0 -1.0 -1.0 -1.0 
290 17 13 165.0 0.5 -1.0 -1.0 -1.0 -1.0 -1.0 -1.0 -1.0 -1.0 -1.0 -1.0 
311 17 14 165.0 0.54 -1.0 -1.0 -1.0 -1.0 -1.0 -1.0 -1.0 -1.0 -1.0 -1.0 
332 17 15 165.0 0.58 -1.0 -1.0 -1.0 -1.0 -1.0 -1.0 -1.0 -1.0 -1.0 -1.0 
353 17 16 165.0 0.62 -1.0 -1.0 -1.0 -1.0 -1.0 -1.0 -1.0 -1.0 -1.0 -1.0 
374 17 17 165.0 0.66 -1.0 -1.0 -1.0 -1.0 -1.0 -1.0 -1.0 -1.0 -1.0 -1.0 
395 17 18 165.0 0.7 -1.0 -1.0 -1.0 -1.0 -1.0 -1.0 -1.0 -1.0 -1.0 -1.0 
416 17 19 165.0 0.74 -1.0 -1.0 -1.0 -1.0 -1.0 -1.0 -1.0 -1.0 -1.0 -1.0 
437 17 20 165.0 0.78 -1.0 -1.0 -1.0 -1.0 -1.0 -1.0 -1.0 -1.0 -1.0 -1.0 
458 17 21 165.0 0.82 -1.0 -1.0 -1.0 -1.0 -1.0 -1.0 -1.0 -1.0 -1.0 -1.0 
479 17 22 165.0 0.86 -1.0 -1.0 -1.0 -1.0 -1.0 -1.0 -1.0 -1.0 -1.0 -1.0 
500 17 23 165.0 0.9 -1.0 -1.0 -1.0 -1.0 -1.0 -1.0 -1.0 -1.0 -1.0 -1.0 
521 17 24 165.0 0.94 -1.0 -1.0 -1.0 -1.0 -1.0 -1.0 -1.0 -1.0 -1.0 -1.0 
542 17 25 165.0 0.98 -1.0 -1.0 -1.0 -1.0 -1.0 -1.0 -1.0 -1.0 -1.0 -1.0 
563 17 26 165.0 1.02 -1.0 -1.0 -1.0 -1.0 -1.0 -1.0 -1.0 -1.0 -1.0 -1.0 
584 17 27 165.0 1.06 -1.0 -1.0 -1.0 -1.0 -1.0 -1.0 -1.0 -1.0 -1.0 -1.0 
605 17 28 165.0 1.1 -1.0 -1.0 -1.0 -1.0 -1.0 -1.0 -1.0 -1.0 -1.0 -1.0 
626 17 29 165.0 1.14 -1.0 -1.0 -1.0 -1.0 -1.0 -1.0 -1.0 -1.0 -1.0 -1.0 
647 17 30 165.0 1.18 -1.0 -1.0 -1.0 -1.0 -1.0 -1.0 -1.0 -1.0 -1.0 -1.0 
39 18 1 175.0 0.02 0.003710525637696 0.024333 0.06416 0.358496 2544.160583 -1.0 -1.0 -1.0 -1.0 -1.0 
60 18 2 175.0 0.06 -1.0 -1.0 -1.0 -1.0 -1.0 -1.0 -1.0 -1.0 -1.0 -1.0 
81 18 3 175.0 0.1 -1.0 -1.0 -1.0 -1.0 -1.0 -1.0 -1.0 -1.0 -1.0 -1.0 
102 18 4 175.0 0.14 -1.0 -1.0 -1.0 -1.0 -1.0 -1.0 -1.0 -1.0 -1.0 -1.0 
123 18 5 175.0 0.18 -1.0 -1.0 -1.0 -1.0 -1.0 -1.0 -1.0 -1.0 -1.0 -1.0 
144 18 6 175.0 0.22 -1.0 -1.0 -1.0 -1.0 -1.0 -1.0 -1.0 -1.0 -1.0 -1.0 
165 18 7 175.0 0.26 -1.0 -1.0 -1.0 -1.0 -1.0 -1.0 -1.0 -1.0 -1.0 -1.0 
186 18 8 175.0 0.3 -1.0 -1.0 -1.0 -1.0 -1.0 -1.0 -1.0 -1.0 -1.0 -1.0 
207 18 9 175.0 0.34 -1.0 -1.0 -1.0 -1.0 -1.0 -1.0 -1.0 -1.0 -1.0 -1.0 
228 18 10 175.0 0.38 -1.0 -1.0 -1.0 -1.0 -1.0 -1.0 -1.0 -1.0 -1.0 -1.0 
249 18 11 175.0 0.42 -1.0 -1.0 -1.0 -1.0 -1.0 -1.0 -1.0 -1.0 -1.0 -1.0 
270 18 12 175.0 0.46 -1.0 -1.0 -1.0 -1.0 -1.0 -1.0 -1.0 -1.0 -1.0 -1.0 
291 18 13 175.0 0.5 -1.0 -1.0 -1.0 -1.0 -1.0 -1.0 -1.0 -1.0 -1.0 -1.0 
312 18 14 175.0 0.54 -1.0 -1.0 -1.0 -1.0 -1.0 -1.0 -1.0 -1.0 -1.0 -1.0 
333 18 15 175.0 0.58 -1.0 -1.0 -1.0 -1.0 -1.0 -1.0 -1.0 -1.0 -1.0 -1.0 
354 18 16 175.0 0.62 -1.0 -1.0 -1.0 -1.0 -1.0 -1.0 -1.0 -1.0 -1.0 -1.0 
375 18 17 175.0 0.66 -1.0 -1.0 -1.0 -1.0 -1.0 -1.0 -1.0 -1.0 -1.0 -1.0 
396 18 18 175.0 0.7 -1.0 -1.0 -1.0 -1.0 -1.0 -1.0 -1.0 -1.0 -1.0 -1.0 
417 18 19 175.0 0.74 -1.0 -1.0 -1.0 -1.0 -1.0 -1.0 -1.0 -1.0 -1.0 -1.0 
438 18 20 175.0 0.78 -1.0 -1.0 -1.0 -1.0 -1.0 -1.0 -1.0 -1.0 -1.0 -1.0 
459 18 21 175.0 0.82 -1.0 -1.0 -1.0 -1.0 -1.0 -1.0 -1.0 -1.0 -1.0 -1.0 
480 18 22 175.0 0.86 -1.0 -1.0 -1.0 -1.0 -1.0 -1.0 -1.0 -1.0 -1.0 -1.0 
501 18 23 175.0 0.9 -1.0 -1.0 -1.0 -1.0 -1.0 -1.0 -1.0 -1.0 -1.0 -1.0 
522 18 24 175.0 0.94 -1.0 -1.0 -1.0 -1.0 -1.0 -1.0 -1.0 -1.0 -1.0 -1.0 
543 18 25 175.0 0.98 -1.0 -1.0 -1.0 -1.0 -1.0 -1.0 -1.0 -1.0 -1.0 -1.0 
564 18 26 175.0 1.02 -1.0 -1.0 -1.0 -1.0 -1.0 -1.0 -1.0 -1.0 -1.0 -1.0 
585 18 27 175.0 1.06 -1.0 -1.0 -1.0 -1.0 -1.0 -1.0 -1.0 -1.0 -1.0 -1.0 
606 18 28 175.0 1.1 -1.0 -1.0 -1.0 -1.0 -1.0 -1.0 -1.0 -1.0 -1.0 -1.0 
627 18 29 175.0 1.14 -1.0 -1.0 -1.0 -1.0 -1.0 -1.0 -1.0 -1.0 -1.0 -1.0 
648 18 30 175.0 1.18 -1.0 -1.0 -1.0 -1.0 -1.0 -1.0 -1.0 -1.0 -1.0 -1.0 
40 19 1 185.0 0.02 -1.0 -1.0 -1.0 -1.0 -1.0 -1.0 -1.0 -1.0 -1.0 -1.0 
61 19 2 185.0 0.06 -1.0 -1.0 -1.0 -1.0 -1.0 -1.0 -1.0 -1.0 -1.0 -1.0 
82 19 3 185.0 0.1 -1.0 -1.0 -1.0 -1.0 -1.0 -1.0 -1.0 -1.0 -1.0 -1.0 
103 19 4 185.0 0.14 -1.0 -1.0 -1.0 -1.0 -1.0 -1.0 -1.0 -1.0 -1.0 -1.0 
124 19 5 185.0 0.18 -1.0 -1.0 -1.0 -1.0 -1.0 -1.0 -1.0 -1.0 -1.0 -1.0 
145 19 6 185.0 0.22 -1.0 -1.0 -1.0 -1.0 -1.0 -1.0 -1.0 -1.0 -1.0 -1.0 
166 19 7 185.0 0.26 -1.0 -1.0 -1.0 -1.0 -1.0 -1.0 -1.0 -1.0 -1.0 -1.0 
187 19 8 185.0 0.3 -1.0 -1.0 -1.0 -1.0 -1.0 -1.0 -1.0 -1.0 -1.0 -1.0 
208 19 9 185.0 0.34 -1.0 -1.0 -1.0 -1.0 -1.0 -1.0 -1.0 -1.0 -1.0 -1.0 
229 19 10 185.0 0.38 -1.0 -1.0 -1.0 -1.0 -1.0 -1.0 -1.0 -1.0 -1.0 -1.0 
250 19 11 185.0 0.42 -1.0 -1.0 -1.0 -1.0 -1.0 -1.0 -1.0 -1.0 -1.0 -1.0 
271 19 12 185.0 0.46 -1.0 -1.0 -1.0 -1.0 -1.0 -1.0 -1.0 -1.0 -1.0 -1.0 
292 19 13 185.0 0.5 -1.0 -1.0 -1.0 -1.0 -1.0 -1.0 -1.0 -1.0 -1.0 -1.0 
313 19 14 185.0 0.54 -1.0 -1.0 -1.0 -1.0 -1.0 -1.0 -1.0 -1.0 -1.0 -1.0 
334 19 15 185.0 0.58 -1.0 -1.0 -1.0 -1.0 -1.0 -1.0 -1.0 -1.0 -1.0 -1.0 
355 19 16 185.0 0.62 -1.0 -1.0 -1.0 -1.0 -1.0 -1.0 -1.0 -1.0 -1.0 -1.0 
376 19 17 185.0 0.66 -1.0 -1.0 -1.0 -1.0 -1.0 -1.0 -1.0 -1.0 -1.0 -1.0 
397 19 18 185.0 0.7 -1.0 -1.0 -1.0 -1.0 -1.0 -1.0 -1.0 -1.0 -1.0 -1.0 
418 19 19 185.0 0.74 -1.0 -1.0 -1.0 -1.0 -1.0 -1.0 -1.0 -1.0 -1.0 -1.0 
439 19 20 185.0 0.78 -1.0 -1.0 -1.0 -1.0 -1.0 -1.0 -1.0 -1.0 -1.0 -1.0 
460 19 21 185.0 0.82 -1.0 -1.0 -1.0 -1.0 -1.0 -1.0 -1.0 -1.0 -1.0 -1.0 
481 19 22 185.0 0.86 -1.0 -1.0 -1.0 -1.0 -1.0 -1.0 -1.0 -1.0 -1.0 -1.0 
502 19 23 185.0 0.9 -1.0 -1.0 -1.0 -1.0 -1.0 -1.0 -1.0 -1.0 -1.0 -1.0 
523 19 24 185.0 0.94 -1.0 -1.0 -1.0 -1.0 -1.0 -1.0 -1.0 -1.0 -1.0 -1.0 
544 19 25 185.0 0.98 -1.0 -1.0 -1.0 -1.0 -1.0 -1.0 -1.0 -1.0 -1.0 -1.0 
565 19 26 185.0 1.02 -1.0 -1.0 -1.0 -1.0 -1.0 -1.0 -1.0 -1.0 -1.0 -1.0 
586 19 27 185.0 1.06 -1.0 -1.0 -1.0 -1.0 -1.0 -1.0 -1.0 -1.0 -1.0 -1.0 
607 19 28 185.0 1.1 -1.0 -1.0 -1.0 -1.0 -1.0 -1.0 -1.0 -1.0 -1.0 -1.0 
628 19 29 185.0 1.14 -1.0 -1.0 -1.0 -1.0 -1.0 -1.0 -1.0 -1.0 -1.0 -1.0 
649 19 30 185.0 1.18 -1.0 -1.0 -1.0 -1.0 -1.0 -1.0 -1.0 -1.0 -1.0 -1.0 
