# Laget Cross Section Results at the Averaged Kinematics
# averaged kinematic varibles used as input to calculate the cross section
# kinematics: Ei, Q2, omega, th_pq_cm, phi_pq
#
#\ xb = th_nq
#\ yb = pm
# current header line:
#! i_b[i,0]/ i_x[i,1]/ i_y[i,2]/ xb[f,3]/ yb[f,4]/ pwiaXsec[f,5]/ fsiXsec[f,6]/ 
145 2 13 20.0 0.5 1.45676480053e-07 1.032857877153e-07 
156 2 14 20.0 0.54 9.681379308258e-08 6.751210209692e-08 
167 2 15 20.0 0.58 6.744930201644e-08 4.603463109327e-08 
178 2 16 20.0 0.62 4.56331312248e-08 3.059305920549e-08 
189 2 17 20.0 0.66 3.034440948218e-08 1.997359869564e-08 
200 2 18 20.0 0.7 1.987052311019e-08 1.288512262775e-08 
211 2 19 20.0 0.74 1.277206987828e-08 8.165874617426e-09 
222 2 20 20.0 0.78 8.27463812623e-09 5.249772481488e-09 
233 2 21 20.0 0.82 5.311695670316e-09 3.373468597915e-09 
244 2 22 20.0 0.86 3.436459771318e-09 2.222792906406e-09 
255 2 23 20.0 0.9 2.191560595047e-09 1.481011419635e-09 
266 2 24 20.0 0.94 1.368974525889e-09 1.004807610109e-09 
277 2 25 20.0 0.98 9.213578728467e-10 7.601564983549e-10 
146 3 13 30.0 0.5 1.425162544374e-07 1.152640529248e-07 
157 3 14 30.0 0.54 1.003361872342e-07 7.853803769221e-08 
168 3 15 30.0 0.58 7.072443187673e-08 5.43263789152e-08 
179 3 16 30.0 0.62 4.987084501042e-08 3.820919338561e-08 
190 3 17 30.0 0.66 3.388954159666e-08 2.560084771739e-08 
201 3 18 30.0 0.7 2.245403724357e-08 1.686381590644e-08 
212 3 19 30.0 0.74 1.450304609721e-08 1.081213629294e-08 
223 3 20 30.0 0.78 9.214711453767e-09 6.83973749583e-09 
234 3 21 30.0 0.82 5.802572576612e-09 4.328324801994e-09 
245 3 22 30.0 0.86 3.64950541833e-09 2.752176300618e-09 
256 3 23 30.0 0.9 2.257308166878e-09 1.755286074579e-09 
267 3 24 30.0 0.94 1.357480002632e-09 1.112664948422e-09 
278 3 25 30.0 0.98 7.936851780374e-10 7.024828275355e-10 
289 3 26 30.0 1.02 4.405979419818e-10 4.4008708782e-10 
300 3 27 30.0 1.06 2.336582735225e-10 2.673448825401e-10 
311 3 28 30.0 1.1 1.139966791063e-10 1.614771952093e-10 
322 3 29 30.0 1.14 5.037142119486e-11 9.960805485838e-11 
333 3 30 30.0 1.18 2.311746971295e-11 6.78168154369e-11 
158 4 14 40.0 0.54 1.040805778394e-07 9.773421840581e-08 
169 4 15 40.0 0.58 7.220581114374e-08 6.832274437167e-08 
180 4 16 40.0 0.62 5.170591105034e-08 4.987198339315e-08 
191 4 17 40.0 0.66 3.623094567759e-08 3.55532168454e-08 
202 4 18 40.0 0.7 2.486103954133e-08 2.504907261985e-08 
213 4 19 40.0 0.74 1.66841132485e-08 1.728032081718e-08 
224 4 20 40.0 0.78 1.098496310394e-08 1.183697043565e-08 
235 4 21 40.0 0.82 7.077529871058e-09 7.957354415115e-09 
246 4 22 40.0 0.86 4.463694889517e-09 5.288396371672e-09 
257 4 23 40.0 0.9 2.733537728518e-09 3.44554864182e-09 
268 4 24 40.0 0.94 1.626843750864e-09 2.197245197854e-09 
279 4 25 40.0 0.98 9.494417203842e-10 1.413059487871e-09 
290 4 26 40.0 1.02 5.284709561503e-10 8.925759404812e-10 
301 4 27 40.0 1.06 2.855452593265e-10 5.610263192608e-10 
312 4 28 40.0 1.1 1.435429277022e-10 3.448280321997e-10 
323 4 29 40.0 1.14 6.304320157742e-11 2.086261422912e-10 
334 4 30 40.0 1.18 2.876820457546e-11 1.423518614581e-10 
170 5 15 50.0 0.58 7.316169452704e-08 8.924629485551e-08 
181 5 16 50.0 0.62 5.414360632776e-08 6.817581231141e-08 
192 5 17 50.0 0.66 3.892822880107e-08 5.138696610931e-08 
203 5 18 50.0 0.7 2.726866345741e-08 3.761634201745e-08 
214 5 19 50.0 0.74 1.912796017647e-08 2.76014468172e-08 
225 5 20 50.0 0.78 1.296700931122e-08 1.969666234648e-08 
236 5 21 50.0 0.82 8.744069035061e-09 1.418938524816e-08 
247 5 22 50.0 0.86 5.754577942323e-09 1.012171881834e-08 
258 5 23 50.0 0.9 3.653345215284e-09 7.037416661085e-09 
269 5 24 50.0 0.94 2.236909874909e-09 4.844579139235e-09 
280 5 25 50.0 0.98 1.349888201546e-09 3.358606913552e-09 
291 5 26 50.0 1.02 7.829015883519e-10 2.30249339615e-09 
302 5 27 50.0 1.06 4.27518477943e-10 1.534368393073e-09 
313 5 28 50.0 1.1 2.126406778928e-10 9.867437329398e-10 
324 5 29 50.0 1.14 9.2534198096e-11 6.097369038532e-10 
335 5 30 50.0 1.18 4.668756453267e-11 4.157809334308e-10 
