# Laget Cross Section Results at the Averaged Kinematics
# averaged kinematic varibles used as input to calculate the cross section
# kinematics: Ei, Q2, omega, th_pq_cm, phi_pq
#
#\ xb = th_nq
#\ yb = pm
# current header line:
#! i_b[i,0]/ i_x[i,1]/ i_y[i,2]/ xb[f,3]/ yb[f,4]/ pwiaXsec[f,5]/ fsiXsec[f,6]/ 
145 2 13 20.0 0.5 1.504240028248e-07 1.072805503746e-07 
156 2 14 20.0 0.54 9.878012128467e-08 6.903951748261e-08 
167 2 15 20.0 0.58 6.758596478577e-08 4.610972297916e-08 
178 2 16 20.0 0.62 4.577150944766e-08 3.067765012763e-08 
189 2 17 20.0 0.66 3.025791591193e-08 1.991223702973e-08 
200 2 18 20.0 0.7 1.980607472088e-08 1.28421422825e-08 
211 2 19 20.0 0.74 1.279895087173e-08 8.193380918558e-09 
222 2 20 20.0 0.78 8.254858333744e-09 5.237135341055e-09 
233 2 21 20.0 0.82 5.319122430386e-09 3.379822749323e-09 
244 2 22 20.0 0.86 3.450721413515e-09 2.232603206719e-09 
255 2 23 20.0 0.9 2.203608700526e-09 1.490409068552e-09 
266 2 24 20.0 0.94 1.335049975762e-09 9.858192219249e-10 
277 2 25 20.0 0.98 9.525192519065e-10 7.753027542841e-10 
146 3 13 30.0 0.5 1.374346323608e-07 1.103544844435e-07 
157 3 14 30.0 0.54 1.005922239047e-07 7.847066115039e-08 
168 3 15 30.0 0.58 7.092365964406e-08 5.455332610831e-08 
179 3 16 30.0 0.62 4.980068847706e-08 3.801747530464e-08 
190 3 17 30.0 0.66 3.381575098136e-08 2.557310111678e-08 
201 3 18 30.0 0.7 2.245400148151e-08 1.686622120792e-08 
212 3 19 30.0 0.74 1.449065669991e-08 1.080466685366e-08 
223 3 20 30.0 0.78 9.212878645855e-09 6.838237214885e-09 
234 3 21 30.0 0.82 5.801714966661e-09 4.329443115463e-09 
245 3 22 30.0 0.86 3.640058497601e-09 2.750143214887e-09 
256 3 23 30.0 0.9 2.25734546462e-09 1.751305644306e-09 
267 3 24 30.0 0.94 1.356257293312e-09 1.109253949538e-09 
278 3 25 30.0 0.98 7.95348875972e-10 7.043489551816e-10 
289 3 26 30.0 1.02 4.408430286805e-10 4.371621514641e-10 
300 3 27 30.0 1.06 2.349831522992e-10 2.674492684966e-10 
311 3 28 30.0 1.1 1.158110976068e-10 1.609220478221e-10 
322 3 29 30.0 1.14 5.030873372355e-11 1.001463767644e-10 
333 3 30 30.0 1.18 2.290349575268e-11 6.723466353078e-11 
147 4 13 40.0 0.5 1.447199256357e-07 1.332694885471e-07 
158 4 14 40.0 0.54 1.025469679752e-07 9.654460780382e-08 
169 4 15 40.0 0.58 7.208316323444e-08 6.808416983914e-08 
180 4 16 40.0 0.62 5.184205029697e-08 4.992442818962e-08 
191 4 17 40.0 0.66 3.625774868462e-08 3.558117240814e-08 
202 4 18 40.0 0.7 2.490170292166e-08 2.508234274496e-08 
213 4 19 40.0 0.74 1.667048651987e-08 1.728624688018e-08 
224 4 20 40.0 0.78 1.100484969282e-08 1.187144678376e-08 
235 4 21 40.0 0.82 7.077443971301e-09 7.964369696481e-09 
246 4 22 40.0 0.86 4.47445337816e-09 5.307233157058e-09 
257 4 23 40.0 0.9 2.73373394817e-09 3.451552896001e-09 
268 4 24 40.0 0.94 1.630018195982e-09 2.201968143171e-09 
279 4 25 40.0 0.98 9.47387269427e-10 1.406323705581e-09 
290 4 26 40.0 1.02 5.295643588264e-10 8.940767749167e-10 
301 4 27 40.0 1.06 2.851505470865e-10 5.583268414221e-10 
312 4 28 40.0 1.1 1.435747515487e-10 3.465650200736e-10 
323 4 29 40.0 1.14 6.323927989627e-11 2.100027544188e-10 
334 4 30 40.0 1.18 2.899658453512e-11 1.421091190645e-10 
170 5 15 50.0 0.58 7.331412571686e-08 9.036694851228e-08 
181 5 16 50.0 0.62 5.467552876138e-08 6.903645032831e-08 
192 5 17 50.0 0.66 3.921291357466e-08 5.16650230313e-08 
203 5 18 50.0 0.7 2.714379109859e-08 3.743421912462e-08 
214 5 19 50.0 0.74 1.908165348239e-08 2.751546454974e-08 
225 5 20 50.0 0.78 1.301494926664e-08 1.982540148366e-08 
236 5 21 50.0 0.82 8.775327503817e-09 1.426653695506e-08 
247 5 22 50.0 0.86 5.762463597601e-09 1.015318062426e-08 
258 5 23 50.0 0.9 3.650736890532e-09 7.032941353692e-09 
269 5 24 50.0 0.94 2.23906418849e-09 4.83436607711e-09 
280 5 25 50.0 0.98 1.349444310472e-09 3.355694758916e-09 
291 5 26 50.0 1.02 7.826637744142e-10 2.285389145309e-09 
302 5 27 50.0 1.06 4.305695011659e-10 1.54818523827e-09 
313 5 28 50.0 1.1 2.143533300061e-10 9.946292326613e-10 
324 5 29 50.0 1.14 9.254301494332e-11 6.132387480412e-10 
335 5 30 50.0 1.18 4.634963646049e-11 4.165039001166e-10 
