2075                                                                              
2076                                                                                                  
2078
2080                                                                                    
2081                                                                        
2082                                                                                           
2083                                                                                                  
2084                                                                       
2085 
2096
2073
2074
2087
2088
2089
2090
2091
2093
2094
2095
