#This file contains updated Xsec and Reduced Xsec
#Xsec Units: ub * MeV^-1 *sr^-2
#Ksigcc1 Units: (ub * MeV^2 * sr^-2
#Red Xsec Units: MeV^-3
#!xb[i,0]/  yb[i,1]/   thnq_bin[f,2]/   pm_bin[f,3]/  Ksigcc1[f,4]/   pwiaXsec_theory[f,5]/    fsiXsec_theory[f,6]/   red_pwiaXsec_theory[f,7]/    red_fsiXsec_theory[f,8]/   setting[s,9]/
2   1   15.000000   0.020000   2371.831012  1.693372440000e-03   1.693372440000e-03    7.139515553311e-07   7.139515553311e-07   80
2   2   15.000000   0.060000   2112.479989  3.928791810000e-04   3.928791810000e-04    1.859800722590e-07   1.859800722590e-07   80
2   3   15.000000   0.100000   1790.029039  7.722937770000e-05   7.722937770000e-05    4.314420381870e-08   4.314420381870e-08   80
2   4   15.000000   0.140000   1420.999236  1.686078070000e-05   1.686078070000e-05    1.186543966587e-08   1.186543966587e-08   80
2   5   15.000000   0.180000   1234.109963  4.826088910000e-06   4.826088910000e-06    3.910582569375e-09   3.910582569375e-09   80
2   6   15.000000   0.220000   1134.300837  1.663230060000e-06   1.663230060000e-06    1.466304181172e-09   1.466304181172e-09   80
2   7   15.000000   0.260000   1060.742465  6.663550140000e-07   6.663550140000e-07    6.281967923289e-10   6.281967923289e-10   80
2   8   15.000000   0.300000   1007.965263  3.018507660000e-07   3.018507660000e-07    2.994654449714e-10   2.994654449714e-10   80
2   9   15.000000   0.340000   943.798813  1.586801410000e-07   1.586801410000e-07    1.681292017052e-10   1.681292017052e-10   80
2   11   15.000000   0.420000   3648.759050  1.597664950000e-07   1.597664950000e-07    4.378652928590e-11   4.378652928590e-11   580_set1
2   11   15.000000   0.420000   3692.228705  1.609283240000e-07   1.609283240000e-07    4.358568681893e-11   4.358568681893e-11   580_set2
2   12   15.000000   0.460000   3193.042146  1.000740230000e-07   1.000740230000e-07    3.134127844988e-11   3.134127844988e-11   580_set1
2   12   15.000000   0.460000   3180.312032  9.803521630000e-08   9.803521630000e-08    3.082565965653e-11   3.082565965653e-11   580_set2
2   13   15.000000   0.500000   2749.902637  6.065738570000e-08   6.065738570000e-08    2.205801212154e-11   2.205801212154e-11   580_set2
2   13   15.000000   0.500000   2738.160928  6.009487810000e-08   6.009487810000e-08    2.194716807383e-11   2.194716807383e-11   580_set1
2   14   15.000000   0.540000   2334.571841  3.600318730000e-08   3.600318730000e-08    1.542175171811e-11   1.542175171811e-11   580_set1
2   14   15.000000   0.540000   2328.449695  3.573589770000e-08   3.573589770000e-08    1.534750687410e-11   1.534750687410e-11   580_set2
2   15   15.000000   0.580000   1998.699866  2.174458090000e-08   2.174458090000e-08    1.087936276471e-11   1.087936276471e-11   580_set1
2   15   15.000000   0.580000   1995.716154  2.170342950000e-08   2.170342950000e-08    1.087500818015e-11   1.087500818015e-11   580_set2
2   16   15.000000   0.620000   2667.874223  2.219438180000e-08   2.219438180000e-08    8.319125995019e-12   8.319125995019e-12   750_set2
2   16   15.000000   0.620000   1723.711543  1.330697540000e-08   1.330697540000e-08    7.719954915914e-12   7.719954915914e-12   580_set1
2   16   15.000000   0.620000   1724.334242  1.327751110000e-08   1.327751110000e-08    7.700079704153e-12   7.700079704153e-12   580_set2
2   16   15.000000   0.620000   2530.357630  1.885475780000e-08   1.885475780000e-08    7.451420137793e-12   7.451420137793e-12   750_set1
2   16   15.000000   0.620000   2540.774389  1.789418050000e-08   1.789418050000e-08    7.042805759327e-12   7.042805759327e-12   750_set3
2   17   15.000000   0.660000   1520.299229  8.420709520000e-09   8.420709520000e-09    5.538850089097e-12   5.538850089097e-12   580_set1
2   17   15.000000   0.660000   1516.854852  8.398043920000e-09   8.398043920000e-09    5.536484858078e-12   5.536484858078e-12   580_set2
2   17   15.000000   0.660000   2244.488298  1.200714330000e-08   1.200714330000e-08    5.349612787333e-12   5.349612787333e-12   750_set2
2   17   15.000000   0.660000   2239.507099  1.197812240000e-08   1.197812240000e-08    5.348552994250e-12   5.348552994250e-12   750_set1
2   17   15.000000   0.660000   2214.928168  1.156450710000e-08   1.156450710000e-08    5.221165754753e-12   5.221165754753e-12   750_set3
2   18   15.000000   0.700000   1375.837606  5.473334340000e-09   5.473334340000e-09    3.978183410695e-12   3.978183410695e-12   580_set1
2   18   15.000000   0.700000   1376.257856  5.449790040000e-09   5.449790040000e-09    3.959861167179e-12   3.959861167179e-12   580_set2
2   18   15.000000   0.700000   1932.783030  7.299744520000e-09   7.299744520000e-09    3.776804952597e-12   3.776804952597e-12   750_set3
2   18   15.000000   0.700000   1918.915633  7.124192550000e-09   7.124192550000e-09    3.712613742618e-12   3.712613742618e-12   750_set2
2   18   15.000000   0.700000   1914.412848  7.093574850000e-09   7.093574850000e-09    3.705352718151e-12   3.705352718151e-12   750_set1
2   19   15.000000   0.740000   1284.920885  3.666458420000e-09   3.666458420000e-09    2.853450716540e-12   2.853450716540e-12   580_set2
2   19   15.000000   0.740000   1284.833379  3.639119910000e-09   3.639119910000e-09    2.832367192104e-12   2.832367192104e-12   580_set1
2   19   15.000000   0.740000   1681.311571  4.457670260000e-09   4.457670260000e-09    2.651305288614e-12   2.651305288614e-12   750_set3
2   19   15.000000   0.740000   1681.068718  4.433448430000e-09   4.433448430000e-09    2.637279715296e-12   2.637279715296e-12   750_set2
2   19   15.000000   0.740000   1677.261338  4.397593900000e-09   4.397593900000e-09    2.621889505450e-12   2.621889505450e-12   750_set1
2   20   15.000000   0.780000   1231.102867  2.572021210000e-09   2.572021210000e-09    2.089200893722e-12   2.089200893722e-12   580_set1
2   20   15.000000   0.780000   1222.394413  2.500568520000e-09   2.500568520000e-09    2.045631502735e-12   2.045631502735e-12   580_set2
2   20   15.000000   0.780000   1478.023412  2.768249950000e-09   2.768249950000e-09    1.872940528225e-12   1.872940528225e-12   750_set1
2   20   15.000000   0.780000   1485.682226  2.774349880000e-09   2.774349880000e-09    1.867391176557e-12   1.867391176557e-12   750_set3
2   20   15.000000   0.780000   1479.997645  2.763359570000e-09   2.763359570000e-09    1.867137815615e-12   1.867137815615e-12   750_set2
2   21   15.000000   0.820000   1330.871705  1.773708150000e-09   1.773708150000e-09    1.332741648452e-12   1.332741648452e-12   750_set1
2   21   15.000000   0.820000   1328.532877  1.770179720000e-09   1.770179720000e-09    1.332432001229e-12   1.332432001229e-12   750_set2
2   21   15.000000   0.820000   1329.408218  1.759689770000e-09   1.759689770000e-09    1.323663977832e-12   1.323663977832e-12   750_set3
2   22   15.000000   0.860000   1228.766444  1.163374050000e-09   1.163374050000e-09    9.467820802567e-13   9.467820802567e-13   750_set1
2   22   15.000000   0.860000   1228.254490  1.159760400000e-09   1.159760400000e-09    9.442346105325e-13   9.442346105325e-13   750_set2
2   22   15.000000   0.860000   1228.821281  1.156785990000e-09   1.156785990000e-09    9.413785453476e-13   9.413785453476e-13   750_set3
2   23   15.000000   0.900000   1185.858578  8.386456760000e-10   8.386456760000e-10    7.072054725230e-13   7.072054725230e-13   750_set1
2   23   15.000000   0.900000   1181.339781  8.249119270000e-10   8.249119270000e-10    6.982850660474e-13   6.982850660474e-13   750_set2
