# Laget Cross Section Results at the Averaged Kinematics
# averaged kinematic varibles used as input to calculate the cross section
# kinematics: Ei, Q2, omega, th_pq_cm, phi_pq
#
#\ xb = th_nq
#\ yb = pm
# current header line:
#! i_b[i,0]/ i_x[i,1]/ i_y[i,2]/ xb[f,3]/ yb[f,4]/ pwiaXsec[f,5]/ pwiaGEp[f,6]/ pwiaGMp[f,7]/ pwia_sigMott[f,8]/ pwia_Ksig_cc1[f,9]/ fsiXsec[f,10]/ fsiGEp[f,11]/ fsiGMp[f,12]/ fsi_sigMott[f,13]/ fsi_Ksig_cc1[f,14]/ 
22 1 1 5.0 0.02 -1.0 -1.0 -1.0 -1.0 -1.0 -1.0 -1.0 -1.0 -1.0 -1.0 
43 1 2 5.0 0.06 -1.0 -1.0 -1.0 -1.0 -1.0 -1.0 -1.0 -1.0 -1.0 -1.0 
64 1 3 5.0 0.1 -1.0 -1.0 -1.0 -1.0 -1.0 -1.0 -1.0 -1.0 -1.0 -1.0 
85 1 4 5.0 0.14 -1.0 -1.0 -1.0 -1.0 -1.0 -1.0 -1.0 -1.0 -1.0 -1.0 
106 1 5 5.0 0.18 -1.0 -1.0 -1.0 -1.0 -1.0 -1.0 -1.0 -1.0 -1.0 -1.0 
127 1 6 5.0 0.22 -1.0 -1.0 -1.0 -1.0 -1.0 -1.0 -1.0 -1.0 -1.0 -1.0 
148 1 7 5.0 0.26 -1.0 -1.0 -1.0 -1.0 -1.0 -1.0 -1.0 -1.0 -1.0 -1.0 
169 1 8 5.0 0.3 -1.0 -1.0 -1.0 -1.0 -1.0 -1.0 -1.0 -1.0 -1.0 -1.0 
190 1 9 5.0 0.34 -1.0 -1.0 -1.0 -1.0 -1.0 -1.0 -1.0 -1.0 -1.0 -1.0 
211 1 10 5.0 0.38 -1.0 -1.0 -1.0 -1.0 -1.0 -1.0 -1.0 -1.0 -1.0 -1.0 
232 1 11 5.0 0.42 -1.0 -1.0 -1.0 -1.0 -1.0 -1.0 -1.0 -1.0 -1.0 -1.0 
253 1 12 5.0 0.46 -1.0 -1.0 -1.0 -1.0 -1.0 -1.0 -1.0 -1.0 -1.0 -1.0 
274 1 13 5.0 0.5 -1.0 -1.0 -1.0 -1.0 -1.0 -1.0 -1.0 -1.0 -1.0 -1.0 
295 1 14 5.0 0.54 -1.0 -1.0 -1.0 -1.0 -1.0 -1.0 -1.0 -1.0 -1.0 -1.0 
316 1 15 5.0 0.58 -1.0 -1.0 -1.0 -1.0 -1.0 -1.0 -1.0 -1.0 -1.0 -1.0 
337 1 16 5.0 0.62 -1.0 -1.0 -1.0 -1.0 -1.0 -1.0 -1.0 -1.0 -1.0 -1.0 
358 1 17 5.0 0.66 -1.0 -1.0 -1.0 -1.0 -1.0 -1.0 -1.0 -1.0 -1.0 -1.0 
379 1 18 5.0 0.7 -1.0 -1.0 -1.0 -1.0 -1.0 -1.0 -1.0 -1.0 -1.0 -1.0 
400 1 19 5.0 0.74 -1.0 -1.0 -1.0 -1.0 -1.0 -1.0 -1.0 -1.0 -1.0 -1.0 
421 1 20 5.0 0.78 -1.0 -1.0 -1.0 -1.0 -1.0 -1.0 -1.0 -1.0 -1.0 -1.0 
442 1 21 5.0 0.82 -1.0 -1.0 -1.0 -1.0 -1.0 -1.0 -1.0 -1.0 -1.0 -1.0 
463 1 22 5.0 0.86 -1.0 -1.0 -1.0 -1.0 -1.0 -1.0 -1.0 -1.0 -1.0 -1.0 
484 1 23 5.0 0.9 -1.0 -1.0 -1.0 -1.0 -1.0 -1.0 -1.0 -1.0 -1.0 -1.0 
505 1 24 5.0 0.94 -1.0 -1.0 -1.0 -1.0 -1.0 -1.0 -1.0 -1.0 -1.0 -1.0 
526 1 25 5.0 0.98 -1.0 -1.0 -1.0 -1.0 -1.0 -1.0 -1.0 -1.0 -1.0 -1.0 
547 1 26 5.0 1.02 -1.0 -1.0 -1.0 -1.0 -1.0 -1.0 -1.0 -1.0 -1.0 -1.0 
568 1 27 5.0 1.06 -1.0 -1.0 -1.0 -1.0 -1.0 -1.0 -1.0 -1.0 -1.0 -1.0 
589 1 28 5.0 1.1 -1.0 -1.0 -1.0 -1.0 -1.0 -1.0 -1.0 -1.0 -1.0 -1.0 
610 1 29 5.0 1.14 -1.0 -1.0 -1.0 -1.0 -1.0 -1.0 -1.0 -1.0 -1.0 -1.0 
631 1 30 5.0 1.18 -1.0 -1.0 -1.0 -1.0 -1.0 -1.0 -1.0 -1.0 -1.0 -1.0 
23 2 1 15.0 0.02 -1.0 -1.0 -1.0 -1.0 -1.0 -1.0 -1.0 -1.0 -1.0 -1.0 
44 2 2 15.0 0.06 -1.0 -1.0 -1.0 -1.0 -1.0 -1.0 -1.0 -1.0 -1.0 -1.0 
65 2 3 15.0 0.1 -1.0 -1.0 -1.0 -1.0 -1.0 -1.0 -1.0 -1.0 -1.0 -1.0 
86 2 4 15.0 0.14 -1.0 -1.0 -1.0 -1.0 -1.0 -1.0 -1.0 -1.0 -1.0 -1.0 
107 2 5 15.0 0.18 -1.0 -1.0 -1.0 -1.0 -1.0 -1.0 -1.0 -1.0 -1.0 -1.0 
128 2 6 15.0 0.22 -1.0 -1.0 -1.0 -1.0 -1.0 -1.0 -1.0 -1.0 -1.0 -1.0 
149 2 7 15.0 0.26 -1.0 -1.0 -1.0 -1.0 -1.0 -1.0 -1.0 -1.0 -1.0 -1.0 
170 2 8 15.0 0.3 -1.0 -1.0 -1.0 -1.0 -1.0 -1.0 -1.0 -1.0 -1.0 -1.0 
191 2 9 15.0 0.34 -1.0 -1.0 -1.0 -1.0 -1.0 -1.0 -1.0 -1.0 -1.0 -1.0 
212 2 10 15.0 0.38 -1.0 -1.0 -1.0 -1.0 -1.0 -1.0 -1.0 -1.0 -1.0 -1.0 
233 2 11 15.0 0.42 -1.0 -1.0 -1.0 -1.0 -1.0 -1.0 -1.0 -1.0 -1.0 -1.0 
254 2 12 15.0 0.46 -1.0 -1.0 -1.0 -1.0 -1.0 -1.0 -1.0 -1.0 -1.0 -1.0 
275 2 13 15.0 0.5 -1.0 -1.0 -1.0 -1.0 -1.0 -1.0 -1.0 -1.0 -1.0 -1.0 
296 2 14 15.0 0.54 -1.0 -1.0 -1.0 -1.0 -1.0 -1.0 -1.0 -1.0 -1.0 -1.0 
317 2 15 15.0 0.58 -1.0 -1.0 -1.0 -1.0 -1.0 -1.0 -1.0 -1.0 -1.0 -1.0 
338 2 16 15.0 0.62 4.025396510811e-08 0.019734 0.056502 0.368452 5694.930213 -1.0 -1.0 -1.0 -1.0 -1.0 
359 2 17 15.0 0.66 2.924784245136e-08 0.019199 0.054103 0.34961 5298.305888 1.945911445493e-08 0.019206 0.054134 0.34996 5300.871826 
380 2 18 15.0 0.7 1.861863639864e-08 0.018518 0.05106 0.325894 4803.387879 1.231760323429e-08 0.018502 0.050993 0.325256 4782.610213 
401 2 19 15.0 0.74 1.219235650302e-08 0.017942 0.048545 0.306367 4401.109399 8.105624024488e-09 0.017955 0.048603 0.306934 4413.44487 
422 2 20 15.0 0.78 7.888311818481e-09 0.017404 0.04629 0.289197 4059.982447 5.285952548618e-09 0.017425 0.046375 0.289871 4075.194174 
443 2 21 15.0 0.82 5.260312769444e-09 0.016983 0.044618 0.276547 3821.170104 3.516007818067e-09 0.016984 0.044621 0.276594 3821.908108 
464 2 22 15.0 0.86 3.681969473439e-09 0.016672 0.043444 0.267651 3666.968786 2.46861294762e-09 0.016665 0.043417 0.267523 3667.824584 
485 2 23 15.0 0.9 -1.0 -1.0 -1.0 -1.0 -1.0 -1.0 -1.0 -1.0 -1.0 -1.0 
506 2 24 15.0 0.94 -1.0 -1.0 -1.0 -1.0 -1.0 -1.0 -1.0 -1.0 -1.0 -1.0 
527 2 25 15.0 0.98 -1.0 -1.0 -1.0 -1.0 -1.0 -1.0 -1.0 -1.0 -1.0 -1.0 
548 2 26 15.0 1.02 -1.0 -1.0 -1.0 -1.0 -1.0 -1.0 -1.0 -1.0 -1.0 -1.0 
569 2 27 15.0 1.06 -1.0 -1.0 -1.0 -1.0 -1.0 -1.0 -1.0 -1.0 -1.0 -1.0 
590 2 28 15.0 1.1 -1.0 -1.0 -1.0 -1.0 -1.0 -1.0 -1.0 -1.0 -1.0 -1.0 
611 2 29 15.0 1.14 -1.0 -1.0 -1.0 -1.0 -1.0 -1.0 -1.0 -1.0 -1.0 -1.0 
632 2 30 15.0 1.18 -1.0 -1.0 -1.0 -1.0 -1.0 -1.0 -1.0 -1.0 -1.0 -1.0 
24 3 1 25.0 0.02 -1.0 -1.0 -1.0 -1.0 -1.0 -1.0 -1.0 -1.0 -1.0 -1.0 
45 3 2 25.0 0.06 -1.0 -1.0 -1.0 -1.0 -1.0 -1.0 -1.0 -1.0 -1.0 -1.0 
66 3 3 25.0 0.1 -1.0 -1.0 -1.0 -1.0 -1.0 -1.0 -1.0 -1.0 -1.0 -1.0 
87 3 4 25.0 0.14 -1.0 -1.0 -1.0 -1.0 -1.0 -1.0 -1.0 -1.0 -1.0 -1.0 
108 3 5 25.0 0.18 -1.0 -1.0 -1.0 -1.0 -1.0 -1.0 -1.0 -1.0 -1.0 -1.0 
129 3 6 25.0 0.22 -1.0 -1.0 -1.0 -1.0 -1.0 -1.0 -1.0 -1.0 -1.0 -1.0 
150 3 7 25.0 0.26 -1.0 -1.0 -1.0 -1.0 -1.0 -1.0 -1.0 -1.0 -1.0 -1.0 
171 3 8 25.0 0.3 -1.0 -1.0 -1.0 -1.0 -1.0 -1.0 -1.0 -1.0 -1.0 -1.0 
192 3 9 25.0 0.34 -1.0 -1.0 -1.0 -1.0 -1.0 -1.0 -1.0 -1.0 -1.0 -1.0 
213 3 10 25.0 0.38 -1.0 -1.0 -1.0 -1.0 -1.0 -1.0 -1.0 -1.0 -1.0 -1.0 
234 3 11 25.0 0.42 -1.0 -1.0 -1.0 -1.0 -1.0 -1.0 -1.0 -1.0 -1.0 -1.0 
255 3 12 25.0 0.46 -1.0 -1.0 -1.0 -1.0 -1.0 -1.0 -1.0 -1.0 -1.0 -1.0 
276 3 13 25.0 0.5 1.398483987978e-07 0.022602 0.06888 0.463106 8027.301147 1.03246885176e-07 0.022444 0.068228 0.45805 7838.148662 
297 3 14 25.0 0.54 1.001821417464e-07 0.021845 0.065719 0.437714 7399.666388 7.27680562635e-08 0.021803 0.065541 0.4361 7352.129539 
318 3 15 25.0 0.58 7.00412567038e-08 0.021158 0.06278 0.413756 6846.349688 5.044105026154e-08 0.02117 0.062831 0.414083 6857.761253 
339 3 16 25.0 0.62 4.794378967396e-08 0.020527 0.060026 0.391491 6341.243849 3.370025121922e-08 0.020536 0.060062 0.391695 6347.305036 
360 3 17 25.0 0.66 3.200998745198e-08 0.019868 0.0571 0.367963 5794.46333 2.218878932437e-08 0.01989 0.0572 0.368719 5813.304282 
381 3 18 25.0 0.7 2.105492106534e-08 0.019263 0.054389 0.346439 5297.747846 1.418832502919e-08 0.019254 0.054348 0.346091 5289.13884 
402 3 19 25.0 0.74 1.355010952262e-08 0.018689 0.051823 0.326244 4837.158078 9.013700978001e-09 0.018698 0.051863 0.326457 4842.078575 
423 3 20 25.0 0.78 8.659516788126e-09 0.018177 0.049562 0.30856 4441.34874 5.706108611226e-09 0.018195 0.049641 0.309097 4454.30639 
444 3 21 25.0 0.82 5.52746920652e-09 0.017787 0.047885 0.295523 4159.381925 3.631436722736e-09 0.017811 0.047988 0.296219 4173.969185 
465 3 22 25.0 0.86 3.544534547083e-09 0.017517 0.046753 0.286504 3965.988518 2.352083954949e-09 0.01753 0.046807 0.286857 3971.302438 
486 3 23 25.0 0.9 2.211529056676e-09 0.017306 0.045894 0.279433 3804.182316 1.523811880702e-09 0.017311 0.045914 0.279533 3803.496598 
507 3 24 25.0 0.94 1.330165803437e-09 0.017152 0.045279 0.274056 3665.404217 9.836673390495e-10 0.017161 0.045314 0.27431 3667.753319 
528 3 25 25.0 0.98 7.949329237948e-10 0.017032 0.044807 0.269642 3527.264599 6.507921798199e-10 0.017039 0.044832 0.269829 3524.554239 
549 3 26 25.0 1.02 4.379141132873e-10 0.016949 0.044486 0.26627 3396.12536 4.201539838836e-10 0.016929 0.04441 0.265705 3388.345699 
570 3 27 25.0 1.06 2.343219341923e-10 0.01683 0.044031 0.261909 3255.510451 2.776258448037e-10 0.016845 0.044088 0.262448 3261.887894 
591 3 28 25.0 1.1 -1.0 -1.0 -1.0 -1.0 -1.0 -1.0 -1.0 -1.0 -1.0 -1.0 
612 3 29 25.0 1.14 -1.0 -1.0 -1.0 -1.0 -1.0 -1.0 -1.0 -1.0 -1.0 -1.0 
633 3 30 25.0 1.18 -1.0 -1.0 -1.0 -1.0 -1.0 -1.0 -1.0 -1.0 -1.0 -1.0 
25 4 1 35.0 0.02 -1.0 -1.0 -1.0 -1.0 -1.0 -1.0 -1.0 -1.0 -1.0 -1.0 
46 4 2 35.0 0.06 -1.0 -1.0 -1.0 -1.0 -1.0 -1.0 -1.0 -1.0 -1.0 -1.0 
67 4 3 35.0 0.1 -1.0 -1.0 -1.0 -1.0 -1.0 -1.0 -1.0 -1.0 -1.0 -1.0 
88 4 4 35.0 0.14 -1.0 -1.0 -1.0 -1.0 -1.0 -1.0 -1.0 -1.0 -1.0 -1.0 
109 4 5 35.0 0.18 -1.0 -1.0 -1.0 -1.0 -1.0 -1.0 -1.0 -1.0 -1.0 -1.0 
130 4 6 35.0 0.22 -1.0 -1.0 -1.0 -1.0 -1.0 -1.0 -1.0 -1.0 -1.0 -1.0 
151 4 7 35.0 0.26 -1.0 -1.0 -1.0 -1.0 -1.0 -1.0 -1.0 -1.0 -1.0 -1.0 
172 4 8 35.0 0.3 -1.0 -1.0 -1.0 -1.0 -1.0 -1.0 -1.0 -1.0 -1.0 -1.0 
193 4 9 35.0 0.34 -1.0 -1.0 -1.0 -1.0 -1.0 -1.0 -1.0 -1.0 -1.0 -1.0 
214 4 10 35.0 0.38 -1.0 -1.0 -1.0 -1.0 -1.0 -1.0 -1.0 -1.0 -1.0 -1.0 
235 4 11 35.0 0.42 -1.0 -1.0 -1.0 -1.0 -1.0 -1.0 -1.0 -1.0 -1.0 -1.0 
256 4 12 35.0 0.46 -1.0 -1.0 -1.0 -1.0 -1.0 -1.0 -1.0 -1.0 -1.0 -1.0 
277 4 13 35.0 0.5 1.435432139616e-07 0.022729 0.069403 0.462212 8003.229707 1.182543189433e-07 0.022684 0.06922 0.461214 7988.66045 
298 4 14 35.0 0.54 1.002677857937e-07 0.022076 0.06669 0.439345 7498.940857 8.558137109552e-08 0.022102 0.066802 0.439842 7526.519778 
319 4 15 35.0 0.58 7.193857209203e-08 0.021575 0.064571 0.421283 7108.824984 6.101247856383e-08 0.021583 0.064603 0.421363 7111.958422 
340 4 16 35.0 0.62 5.091145219296e-08 0.021152 0.062754 0.406061 6785.440267 4.340551767524e-08 0.021182 0.062881 0.406737 6804.422012 
361 4 17 35.0 0.66 3.521728876757e-08 0.020732 0.060924 0.390613 6433.101763 3.010995868911e-08 0.020758 0.061037 0.391189 6452.051546 
382 4 18 35.0 0.7 2.386779869628e-08 0.020301 0.059025 0.374657 6048.220606 2.059061412322e-08 0.020339 0.059195 0.375667 6074.415707 
403 4 19 35.0 0.74 1.568610798654e-08 0.019842 0.056985 0.357605 5619.571229 1.367052512435e-08 0.019886 0.057182 0.358822 5651.429971 
424 4 20 35.0 0.78 1.005464150471e-08 0.019386 0.054944 0.340694 5189.915607 8.884753269765e-09 0.019448 0.05522 0.342495 5237.453219 
445 4 21 35.0 0.82 6.342650666999e-09 0.018967 0.053065 0.325214 4802.920403 5.707935315839e-09 0.019048 0.053424 0.327534 4861.23197 
466 4 22 35.0 0.86 3.935042605365e-09 0.018627 0.051545 0.312506 4488.443362 3.622973540909e-09 0.018712 0.051924 0.314962 4547.144548 
487 4 23 35.0 0.9 2.395975860777e-09 0.018342 0.050285 0.301794 4225.585432 2.280275286535e-09 0.018426 0.050655 0.304111 4278.101631 
508 4 24 35.0 0.94 1.428322161248e-09 0.018113 0.049285 0.292948 4006.54869 1.435537601067e-09 0.018212 0.049713 0.295625 4065.662707 
529 4 25 35.0 0.98 8.27386850132e-10 0.017943 0.048549 0.285923 3828.144752 8.909993597128e-10 0.018029 0.04892 0.288161 3877.393295 
550 4 26 35.0 1.02 4.645311724923e-10 0.017797 0.047927 0.27961 3666.801204 5.566334129005e-10 0.017901 0.048368 0.282389 3727.729651 
571 4 27 35.0 1.06 2.45066133361e-10 0.017692 0.047483 0.274407 3533.36386 3.380496958536e-10 0.017773 0.047823 0.276508 3577.060395 
592 4 28 35.0 1.1 1.220083433702e-10 0.017598 0.047091 0.269558 3409.415957 2.025863953404e-10 0.017668 0.047381 0.271265 3446.367793 
613 4 29 35.0 1.14 5.532522814157e-11 0.01752 0.046766 0.26508 3299.700393 1.185546554833e-10 0.017578 0.047008 0.266569 3327.839197 
634 4 30 35.0 1.18 2.314318504546e-11 0.017471 0.046563 0.261494 3212.74012 7.1388763188e-11 0.017536 0.046832 0.263261 3244.89662 
26 5 1 45.0 0.02 -1.0 -1.0 -1.0 -1.0 -1.0 -1.0 -1.0 -1.0 -1.0 -1.0 
47 5 2 45.0 0.06 -1.0 -1.0 -1.0 -1.0 -1.0 -1.0 -1.0 -1.0 -1.0 -1.0 
68 5 3 45.0 0.1 -1.0 -1.0 -1.0 -1.0 -1.0 -1.0 -1.0 -1.0 -1.0 -1.0 
89 5 4 45.0 0.14 -1.0 -1.0 -1.0 -1.0 -1.0 -1.0 -1.0 -1.0 -1.0 -1.0 
110 5 5 45.0 0.18 -1.0 -1.0 -1.0 -1.0 -1.0 -1.0 -1.0 -1.0 -1.0 -1.0 
131 5 6 45.0 0.22 -1.0 -1.0 -1.0 -1.0 -1.0 -1.0 -1.0 -1.0 -1.0 -1.0 
152 5 7 45.0 0.26 -1.0 -1.0 -1.0 -1.0 -1.0 -1.0 -1.0 -1.0 -1.0 -1.0 
173 5 8 45.0 0.3 -1.0 -1.0 -1.0 -1.0 -1.0 -1.0 -1.0 -1.0 -1.0 -1.0 
194 5 9 45.0 0.34 -1.0 -1.0 -1.0 -1.0 -1.0 -1.0 -1.0 -1.0 -1.0 -1.0 
215 5 10 45.0 0.38 -1.0 -1.0 -1.0 -1.0 -1.0 -1.0 -1.0 -1.0 -1.0 -1.0 
236 5 11 45.0 0.42 -1.0 -1.0 -1.0 -1.0 -1.0 -1.0 -1.0 -1.0 -1.0 -1.0 
257 5 12 45.0 0.46 -1.0 -1.0 -1.0 -1.0 -1.0 -1.0 -1.0 -1.0 -1.0 -1.0 
278 5 13 45.0 0.5 -1.0 -1.0 -1.0 -1.0 -1.0 -1.0 -1.0 -1.0 -1.0 -1.0 
299 5 14 45.0 0.54 1.059962713416e-07 0.022758 0.069523 0.453355 8015.010471 1.063270846024e-07 0.02266 0.069123 0.450487 7960.21154 
320 5 15 45.0 0.58 7.397424214802e-08 0.02213 0.066917 0.430589 7464.120616 7.91622871588e-08 0.022166 0.067067 0.432058 7504.321992 
341 5 16 45.0 0.62 5.270215069187e-08 0.021729 0.065227 0.415683 7130.838927 5.729409714717e-08 0.021729 0.065224 0.415425 7127.270133 
362 5 17 45.0 0.66 3.720979303948e-08 0.021431 0.063955 0.403798 6886.192871 4.203767666368e-08 0.021459 0.064075 0.404483 6908.978011 
383 5 18 45.0 0.7 2.590853939515e-08 0.021179 0.06287 0.393512 6670.552683 3.052427695777e-08 0.021214 0.063021 0.394256 6697.111741 
404 5 19 45.0 0.74 1.7786061043e-08 0.020949 0.061873 0.383945 6459.692278 2.195114224468e-08 0.021009 0.062133 0.385446 6509.032476 
425 5 20 45.0 0.78 1.202206873985e-08 0.020767 0.061076 0.375899 6278.457936 1.563505764812e-08 0.020839 0.061392 0.377763 6341.644632 
446 5 21 45.0 0.82 7.941713068461e-09 0.020585 0.060282 0.367755 6083.995739 1.101433782555e-08 0.02069 0.060741 0.370628 6177.864062 
467 5 22 45.0 0.86 5.128009179798e-09 0.020418 0.059545 0.360042 5893.994965 7.61412930906e-09 0.020546 0.060107 0.363604 6006.779624 
488 5 23 45.0 0.9 3.213492740037e-09 0.020275 0.058914 0.353131 5720.718564 5.217531450611e-09 0.020438 0.05963 0.357717 5865.604222 
509 5 24 45.0 0.94 1.950694683356e-09 0.020142 0.058321 0.34655 5548.762297 3.488832207219e-09 0.020343 0.059213 0.35219 5725.598416 
530 5 25 45.0 0.98 1.14642852871e-09 0.020028 0.057816 0.340557 5391.172696 2.310838732124e-09 0.02027 0.058889 0.347375 5601.821354 
551 5 26 45.0 1.02 6.5454380648e-10 0.01993 0.057379 0.335008 5243.798515 1.519420708682e-09 0.020212 0.058634 0.343034 5488.484711 
572 5 27 45.0 1.06 3.508948210337e-10 0.019832 0.056939 0.329554 5094.021354 9.931301840193e-10 0.020156 0.058383 0.338642 5369.34762 
593 5 28 45.0 1.1 1.711176188336e-10 0.019745 0.056553 0.324484 4950.055374 6.246898682316e-10 0.020091 0.058094 0.334166 5235.315941 
614 5 29 45.0 1.14 7.398170805104e-11 0.019681 0.056263 0.320048 4821.601735 3.800157903317e-10 0.020057 0.057945 0.330589 5130.9127 
635 5 30 45.0 1.18 3.577540152082e-11 0.019646 0.056109 0.316777 4723.526987 2.447919243995e-10 0.02004 0.057867 0.327697 5042.273377 
27 6 1 55.0 0.02 -1.0 -1.0 -1.0 -1.0 -1.0 -1.0 -1.0 -1.0 -1.0 -1.0 
48 6 2 55.0 0.06 -1.0 -1.0 -1.0 -1.0 -1.0 -1.0 -1.0 -1.0 -1.0 -1.0 
69 6 3 55.0 0.1 -1.0 -1.0 -1.0 -1.0 -1.0 -1.0 -1.0 -1.0 -1.0 -1.0 
90 6 4 55.0 0.14 -1.0 -1.0 -1.0 -1.0 -1.0 -1.0 -1.0 -1.0 -1.0 -1.0 
111 6 5 55.0 0.18 -1.0 -1.0 -1.0 -1.0 -1.0 -1.0 -1.0 -1.0 -1.0 -1.0 
132 6 6 55.0 0.22 -1.0 -1.0 -1.0 -1.0 -1.0 -1.0 -1.0 -1.0 -1.0 -1.0 
153 6 7 55.0 0.26 -1.0 -1.0 -1.0 -1.0 -1.0 -1.0 -1.0 -1.0 -1.0 -1.0 
174 6 8 55.0 0.3 -1.0 -1.0 -1.0 -1.0 -1.0 -1.0 -1.0 -1.0 -1.0 -1.0 
195 6 9 55.0 0.34 -1.0 -1.0 -1.0 -1.0 -1.0 -1.0 -1.0 -1.0 -1.0 -1.0 
216 6 10 55.0 0.38 -1.0 -1.0 -1.0 -1.0 -1.0 -1.0 -1.0 -1.0 -1.0 -1.0 
237 6 11 55.0 0.42 -1.0 -1.0 -1.0 -1.0 -1.0 -1.0 -1.0 -1.0 -1.0 -1.0 
258 6 12 55.0 0.46 -1.0 -1.0 -1.0 -1.0 -1.0 -1.0 -1.0 -1.0 -1.0 -1.0 
279 6 13 55.0 0.5 -1.0 -1.0 -1.0 -1.0 -1.0 -1.0 -1.0 -1.0 -1.0 -1.0 
300 6 14 55.0 0.54 -1.0 -1.0 -1.0 -1.0 -1.0 -1.0 -1.0 -1.0 -1.0 -1.0 
321 6 15 55.0 0.58 -1.0 -1.0 -1.0 -1.0 -1.0 -1.0 -1.0 -1.0 -1.0 -1.0 
342 6 16 55.0 0.62 -1.0 -1.0 -1.0 -1.0 -1.0 8.021943227135e-08 0.022816 0.069761 0.439333 8048.498556 
363 6 17 55.0 0.66 4.100322408763e-08 0.022677 0.069192 0.432757 7957.017748 6.741817653627e-08 0.022673 0.069173 0.432156 7928.802033 
384 6 18 55.0 0.7 3.043854536892e-08 0.022608 0.068904 0.428354 7939.072788 5.400814925008e-08 0.022731 0.069412 0.431994 8052.906879 
405 6 19 55.0 0.74 2.15122042159e-08 0.022552 0.068673 0.424283 7928.279256 3.896939056897e-08 0.022607 0.068902 0.426024 7986.959756 
426 6 20 55.0 0.78 1.52597280967e-08 0.022544 0.068641 0.421672 7978.912655 2.94638776584e-08 0.022554 0.068684 0.421942 7958.031427 
447 6 21 55.0 0.82 1.034178656073e-08 0.022575 0.068771 0.420037 7993.741544 2.205213199386e-08 0.02254 0.068627 0.418709 7954.155468 
468 6 22 55.0 0.86 6.935504835415e-09 0.022572 0.068758 0.417237 7989.35206 1.617737889635e-08 0.022563 0.068722 0.416918 7966.969311 
489 6 23 55.0 0.9 4.475226292136e-09 0.02261 0.068916 0.415489 8024.586869 1.200969854787e-08 0.02263 0.068996 0.415924 7997.611683 
510 6 24 55.0 0.94 2.885225662428e-09 0.022694 0.069259 0.414967 8068.495538 8.813784853712e-09 0.022749 0.069485 0.416695 8140.907489 
531 6 25 55.0 0.98 1.789420907175e-09 0.022767 0.069562 0.414025 8216.047474 6.282571369426e-09 0.022737 0.069438 0.412869 8096.401695 
552 6 26 55.0 1.02 -1.0 -1.0 -1.0 -1.0 -1.0 4.635395192255e-09 0.022916 0.070172 0.414814 8246.213663 
573 6 27 55.0 1.06 -1.0 -1.0 -1.0 -1.0 -1.0 -1.0 -1.0 -1.0 -1.0 -1.0 
594 6 28 55.0 1.1 -1.0 -1.0 -1.0 -1.0 -1.0 -1.0 -1.0 -1.0 -1.0 -1.0 
615 6 29 55.0 1.14 -1.0 -1.0 -1.0 -1.0 -1.0 -1.0 -1.0 -1.0 -1.0 -1.0 
636 6 30 55.0 1.18 -1.0 -1.0 -1.0 -1.0 -1.0 -1.0 -1.0 -1.0 -1.0 -1.0 
28 7 1 65.0 0.02 -1.0 -1.0 -1.0 -1.0 -1.0 -1.0 -1.0 -1.0 -1.0 -1.0 
49 7 2 65.0 0.06 -1.0 -1.0 -1.0 -1.0 -1.0 -1.0 -1.0 -1.0 -1.0 -1.0 
70 7 3 65.0 0.1 -1.0 -1.0 -1.0 -1.0 -1.0 -1.0 -1.0 -1.0 -1.0 -1.0 
91 7 4 65.0 0.14 -1.0 -1.0 -1.0 -1.0 -1.0 -1.0 -1.0 -1.0 -1.0 -1.0 
112 7 5 65.0 0.18 -1.0 -1.0 -1.0 -1.0 -1.0 -1.0 -1.0 -1.0 -1.0 -1.0 
133 7 6 65.0 0.22 -1.0 -1.0 -1.0 -1.0 -1.0 -1.0 -1.0 -1.0 -1.0 -1.0 
154 7 7 65.0 0.26 -1.0 -1.0 -1.0 -1.0 -1.0 -1.0 -1.0 -1.0 -1.0 -1.0 
175 7 8 65.0 0.3 -1.0 -1.0 -1.0 -1.0 -1.0 -1.0 -1.0 -1.0 -1.0 -1.0 
196 7 9 65.0 0.34 -1.0 -1.0 -1.0 -1.0 -1.0 -1.0 -1.0 -1.0 -1.0 -1.0 
217 7 10 65.0 0.38 -1.0 -1.0 -1.0 -1.0 -1.0 -1.0 -1.0 -1.0 -1.0 -1.0 
238 7 11 65.0 0.42 -1.0 -1.0 -1.0 -1.0 -1.0 -1.0 -1.0 -1.0 -1.0 -1.0 
259 7 12 65.0 0.46 -1.0 -1.0 -1.0 -1.0 -1.0 -1.0 -1.0 -1.0 -1.0 -1.0 
280 7 13 65.0 0.5 -1.0 -1.0 -1.0 -1.0 -1.0 -1.0 -1.0 -1.0 -1.0 -1.0 
301 7 14 65.0 0.54 -1.0 -1.0 -1.0 -1.0 -1.0 -1.0 -1.0 -1.0 -1.0 -1.0 
322 7 15 65.0 0.58 -1.0 -1.0 -1.0 -1.0 -1.0 -1.0 -1.0 -1.0 -1.0 -1.0 
343 7 16 65.0 0.62 -1.0 -1.0 -1.0 -1.0 -1.0 -1.0 -1.0 -1.0 -1.0 -1.0 
364 7 17 65.0 0.66 -1.0 -1.0 -1.0 -1.0 -1.0 -1.0 -1.0 -1.0 -1.0 -1.0 
385 7 18 65.0 0.7 -1.0 -1.0 -1.0 -1.0 -1.0 -1.0 -1.0 -1.0 -1.0 -1.0 
406 7 19 65.0 0.74 -1.0 -1.0 -1.0 -1.0 -1.0 -1.0 -1.0 -1.0 -1.0 -1.0 
427 7 20 65.0 0.78 -1.0 -1.0 -1.0 -1.0 -1.0 -1.0 -1.0 -1.0 -1.0 -1.0 
448 7 21 65.0 0.82 -1.0 -1.0 -1.0 -1.0 -1.0 -1.0 -1.0 -1.0 -1.0 -1.0 
469 7 22 65.0 0.86 -1.0 -1.0 -1.0 -1.0 -1.0 -1.0 -1.0 -1.0 -1.0 -1.0 
490 7 23 65.0 0.9 -1.0 -1.0 -1.0 -1.0 -1.0 -1.0 -1.0 -1.0 -1.0 -1.0 
511 7 24 65.0 0.94 -1.0 -1.0 -1.0 -1.0 -1.0 -1.0 -1.0 -1.0 -1.0 -1.0 
532 7 25 65.0 0.98 -1.0 -1.0 -1.0 -1.0 -1.0 -1.0 -1.0 -1.0 -1.0 -1.0 
553 7 26 65.0 1.02 -1.0 -1.0 -1.0 -1.0 -1.0 -1.0 -1.0 -1.0 -1.0 -1.0 
574 7 27 65.0 1.06 -1.0 -1.0 -1.0 -1.0 -1.0 -1.0 -1.0 -1.0 -1.0 -1.0 
595 7 28 65.0 1.1 -1.0 -1.0 -1.0 -1.0 -1.0 -1.0 -1.0 -1.0 -1.0 -1.0 
616 7 29 65.0 1.14 -1.0 -1.0 -1.0 -1.0 -1.0 -1.0 -1.0 -1.0 -1.0 -1.0 
637 7 30 65.0 1.18 -1.0 -1.0 -1.0 -1.0 -1.0 -1.0 -1.0 -1.0 -1.0 -1.0 
29 8 1 75.0 0.02 -1.0 -1.0 -1.0 -1.0 -1.0 -1.0 -1.0 -1.0 -1.0 -1.0 
50 8 2 75.0 0.06 -1.0 -1.0 -1.0 -1.0 -1.0 -1.0 -1.0 -1.0 -1.0 -1.0 
71 8 3 75.0 0.1 -1.0 -1.0 -1.0 -1.0 -1.0 -1.0 -1.0 -1.0 -1.0 -1.0 
92 8 4 75.0 0.14 -1.0 -1.0 -1.0 -1.0 -1.0 -1.0 -1.0 -1.0 -1.0 -1.0 
113 8 5 75.0 0.18 -1.0 -1.0 -1.0 -1.0 -1.0 -1.0 -1.0 -1.0 -1.0 -1.0 
134 8 6 75.0 0.22 -1.0 -1.0 -1.0 -1.0 -1.0 -1.0 -1.0 -1.0 -1.0 -1.0 
155 8 7 75.0 0.26 -1.0 -1.0 -1.0 -1.0 -1.0 -1.0 -1.0 -1.0 -1.0 -1.0 
176 8 8 75.0 0.3 -1.0 -1.0 -1.0 -1.0 -1.0 -1.0 -1.0 -1.0 -1.0 -1.0 
197 8 9 75.0 0.34 -1.0 -1.0 -1.0 -1.0 -1.0 -1.0 -1.0 -1.0 -1.0 -1.0 
218 8 10 75.0 0.38 -1.0 -1.0 -1.0 -1.0 -1.0 -1.0 -1.0 -1.0 -1.0 -1.0 
239 8 11 75.0 0.42 -1.0 -1.0 -1.0 -1.0 -1.0 -1.0 -1.0 -1.0 -1.0 -1.0 
260 8 12 75.0 0.46 -1.0 -1.0 -1.0 -1.0 -1.0 -1.0 -1.0 -1.0 -1.0 -1.0 
281 8 13 75.0 0.5 -1.0 -1.0 -1.0 -1.0 -1.0 -1.0 -1.0 -1.0 -1.0 -1.0 
302 8 14 75.0 0.54 -1.0 -1.0 -1.0 -1.0 -1.0 -1.0 -1.0 -1.0 -1.0 -1.0 
323 8 15 75.0 0.58 -1.0 -1.0 -1.0 -1.0 -1.0 -1.0 -1.0 -1.0 -1.0 -1.0 
344 8 16 75.0 0.62 -1.0 -1.0 -1.0 -1.0 -1.0 -1.0 -1.0 -1.0 -1.0 -1.0 
365 8 17 75.0 0.66 -1.0 -1.0 -1.0 -1.0 -1.0 -1.0 -1.0 -1.0 -1.0 -1.0 
386 8 18 75.0 0.7 -1.0 -1.0 -1.0 -1.0 -1.0 -1.0 -1.0 -1.0 -1.0 -1.0 
407 8 19 75.0 0.74 -1.0 -1.0 -1.0 -1.0 -1.0 -1.0 -1.0 -1.0 -1.0 -1.0 
428 8 20 75.0 0.78 -1.0 -1.0 -1.0 -1.0 -1.0 -1.0 -1.0 -1.0 -1.0 -1.0 
449 8 21 75.0 0.82 -1.0 -1.0 -1.0 -1.0 -1.0 -1.0 -1.0 -1.0 -1.0 -1.0 
470 8 22 75.0 0.86 -1.0 -1.0 -1.0 -1.0 -1.0 -1.0 -1.0 -1.0 -1.0 -1.0 
491 8 23 75.0 0.9 -1.0 -1.0 -1.0 -1.0 -1.0 -1.0 -1.0 -1.0 -1.0 -1.0 
512 8 24 75.0 0.94 -1.0 -1.0 -1.0 -1.0 -1.0 -1.0 -1.0 -1.0 -1.0 -1.0 
533 8 25 75.0 0.98 -1.0 -1.0 -1.0 -1.0 -1.0 -1.0 -1.0 -1.0 -1.0 -1.0 
554 8 26 75.0 1.02 -1.0 -1.0 -1.0 -1.0 -1.0 -1.0 -1.0 -1.0 -1.0 -1.0 
575 8 27 75.0 1.06 -1.0 -1.0 -1.0 -1.0 -1.0 -1.0 -1.0 -1.0 -1.0 -1.0 
596 8 28 75.0 1.1 -1.0 -1.0 -1.0 -1.0 -1.0 -1.0 -1.0 -1.0 -1.0 -1.0 
617 8 29 75.0 1.14 -1.0 -1.0 -1.0 -1.0 -1.0 -1.0 -1.0 -1.0 -1.0 -1.0 
638 8 30 75.0 1.18 -1.0 -1.0 -1.0 -1.0 -1.0 -1.0 -1.0 -1.0 -1.0 -1.0 
30 9 1 85.0 0.02 -1.0 -1.0 -1.0 -1.0 -1.0 -1.0 -1.0 -1.0 -1.0 -1.0 
51 9 2 85.0 0.06 -1.0 -1.0 -1.0 -1.0 -1.0 -1.0 -1.0 -1.0 -1.0 -1.0 
72 9 3 85.0 0.1 -1.0 -1.0 -1.0 -1.0 -1.0 -1.0 -1.0 -1.0 -1.0 -1.0 
93 9 4 85.0 0.14 -1.0 -1.0 -1.0 -1.0 -1.0 -1.0 -1.0 -1.0 -1.0 -1.0 
114 9 5 85.0 0.18 -1.0 -1.0 -1.0 -1.0 -1.0 -1.0 -1.0 -1.0 -1.0 -1.0 
135 9 6 85.0 0.22 -1.0 -1.0 -1.0 -1.0 -1.0 -1.0 -1.0 -1.0 -1.0 -1.0 
156 9 7 85.0 0.26 -1.0 -1.0 -1.0 -1.0 -1.0 -1.0 -1.0 -1.0 -1.0 -1.0 
177 9 8 85.0 0.3 -1.0 -1.0 -1.0 -1.0 -1.0 -1.0 -1.0 -1.0 -1.0 -1.0 
198 9 9 85.0 0.34 -1.0 -1.0 -1.0 -1.0 -1.0 -1.0 -1.0 -1.0 -1.0 -1.0 
219 9 10 85.0 0.38 -1.0 -1.0 -1.0 -1.0 -1.0 -1.0 -1.0 -1.0 -1.0 -1.0 
240 9 11 85.0 0.42 -1.0 -1.0 -1.0 -1.0 -1.0 -1.0 -1.0 -1.0 -1.0 -1.0 
261 9 12 85.0 0.46 -1.0 -1.0 -1.0 -1.0 -1.0 -1.0 -1.0 -1.0 -1.0 -1.0 
282 9 13 85.0 0.5 -1.0 -1.0 -1.0 -1.0 -1.0 -1.0 -1.0 -1.0 -1.0 -1.0 
303 9 14 85.0 0.54 -1.0 -1.0 -1.0 -1.0 -1.0 -1.0 -1.0 -1.0 -1.0 -1.0 
324 9 15 85.0 0.58 -1.0 -1.0 -1.0 -1.0 -1.0 -1.0 -1.0 -1.0 -1.0 -1.0 
345 9 16 85.0 0.62 -1.0 -1.0 -1.0 -1.0 -1.0 -1.0 -1.0 -1.0 -1.0 -1.0 
366 9 17 85.0 0.66 -1.0 -1.0 -1.0 -1.0 -1.0 -1.0 -1.0 -1.0 -1.0 -1.0 
387 9 18 85.0 0.7 -1.0 -1.0 -1.0 -1.0 -1.0 -1.0 -1.0 -1.0 -1.0 -1.0 
408 9 19 85.0 0.74 -1.0 -1.0 -1.0 -1.0 -1.0 -1.0 -1.0 -1.0 -1.0 -1.0 
429 9 20 85.0 0.78 -1.0 -1.0 -1.0 -1.0 -1.0 -1.0 -1.0 -1.0 -1.0 -1.0 
450 9 21 85.0 0.82 -1.0 -1.0 -1.0 -1.0 -1.0 -1.0 -1.0 -1.0 -1.0 -1.0 
471 9 22 85.0 0.86 -1.0 -1.0 -1.0 -1.0 -1.0 -1.0 -1.0 -1.0 -1.0 -1.0 
492 9 23 85.0 0.9 -1.0 -1.0 -1.0 -1.0 -1.0 -1.0 -1.0 -1.0 -1.0 -1.0 
513 9 24 85.0 0.94 -1.0 -1.0 -1.0 -1.0 -1.0 -1.0 -1.0 -1.0 -1.0 -1.0 
534 9 25 85.0 0.98 -1.0 -1.0 -1.0 -1.0 -1.0 -1.0 -1.0 -1.0 -1.0 -1.0 
555 9 26 85.0 1.02 -1.0 -1.0 -1.0 -1.0 -1.0 -1.0 -1.0 -1.0 -1.0 -1.0 
576 9 27 85.0 1.06 -1.0 -1.0 -1.0 -1.0 -1.0 -1.0 -1.0 -1.0 -1.0 -1.0 
597 9 28 85.0 1.1 -1.0 -1.0 -1.0 -1.0 -1.0 -1.0 -1.0 -1.0 -1.0 -1.0 
618 9 29 85.0 1.14 -1.0 -1.0 -1.0 -1.0 -1.0 -1.0 -1.0 -1.0 -1.0 -1.0 
639 9 30 85.0 1.18 -1.0 -1.0 -1.0 -1.0 -1.0 -1.0 -1.0 -1.0 -1.0 -1.0 
31 10 1 95.0 0.02 -1.0 -1.0 -1.0 -1.0 -1.0 -1.0 -1.0 -1.0 -1.0 -1.0 
52 10 2 95.0 0.06 -1.0 -1.0 -1.0 -1.0 -1.0 -1.0 -1.0 -1.0 -1.0 -1.0 
73 10 3 95.0 0.1 -1.0 -1.0 -1.0 -1.0 -1.0 -1.0 -1.0 -1.0 -1.0 -1.0 
94 10 4 95.0 0.14 -1.0 -1.0 -1.0 -1.0 -1.0 -1.0 -1.0 -1.0 -1.0 -1.0 
115 10 5 95.0 0.18 -1.0 -1.0 -1.0 -1.0 -1.0 -1.0 -1.0 -1.0 -1.0 -1.0 
136 10 6 95.0 0.22 -1.0 -1.0 -1.0 -1.0 -1.0 -1.0 -1.0 -1.0 -1.0 -1.0 
157 10 7 95.0 0.26 -1.0 -1.0 -1.0 -1.0 -1.0 -1.0 -1.0 -1.0 -1.0 -1.0 
178 10 8 95.0 0.3 -1.0 -1.0 -1.0 -1.0 -1.0 -1.0 -1.0 -1.0 -1.0 -1.0 
199 10 9 95.0 0.34 -1.0 -1.0 -1.0 -1.0 -1.0 -1.0 -1.0 -1.0 -1.0 -1.0 
220 10 10 95.0 0.38 -1.0 -1.0 -1.0 -1.0 -1.0 -1.0 -1.0 -1.0 -1.0 -1.0 
241 10 11 95.0 0.42 -1.0 -1.0 -1.0 -1.0 -1.0 -1.0 -1.0 -1.0 -1.0 -1.0 
262 10 12 95.0 0.46 -1.0 -1.0 -1.0 -1.0 -1.0 -1.0 -1.0 -1.0 -1.0 -1.0 
283 10 13 95.0 0.5 -1.0 -1.0 -1.0 -1.0 -1.0 -1.0 -1.0 -1.0 -1.0 -1.0 
304 10 14 95.0 0.54 -1.0 -1.0 -1.0 -1.0 -1.0 -1.0 -1.0 -1.0 -1.0 -1.0 
325 10 15 95.0 0.58 -1.0 -1.0 -1.0 -1.0 -1.0 -1.0 -1.0 -1.0 -1.0 -1.0 
346 10 16 95.0 0.62 -1.0 -1.0 -1.0 -1.0 -1.0 -1.0 -1.0 -1.0 -1.0 -1.0 
367 10 17 95.0 0.66 -1.0 -1.0 -1.0 -1.0 -1.0 -1.0 -1.0 -1.0 -1.0 -1.0 
388 10 18 95.0 0.7 -1.0 -1.0 -1.0 -1.0 -1.0 -1.0 -1.0 -1.0 -1.0 -1.0 
409 10 19 95.0 0.74 -1.0 -1.0 -1.0 -1.0 -1.0 -1.0 -1.0 -1.0 -1.0 -1.0 
430 10 20 95.0 0.78 -1.0 -1.0 -1.0 -1.0 -1.0 -1.0 -1.0 -1.0 -1.0 -1.0 
451 10 21 95.0 0.82 -1.0 -1.0 -1.0 -1.0 -1.0 -1.0 -1.0 -1.0 -1.0 -1.0 
472 10 22 95.0 0.86 -1.0 -1.0 -1.0 -1.0 -1.0 -1.0 -1.0 -1.0 -1.0 -1.0 
493 10 23 95.0 0.9 -1.0 -1.0 -1.0 -1.0 -1.0 -1.0 -1.0 -1.0 -1.0 -1.0 
514 10 24 95.0 0.94 -1.0 -1.0 -1.0 -1.0 -1.0 -1.0 -1.0 -1.0 -1.0 -1.0 
535 10 25 95.0 0.98 -1.0 -1.0 -1.0 -1.0 -1.0 -1.0 -1.0 -1.0 -1.0 -1.0 
556 10 26 95.0 1.02 -1.0 -1.0 -1.0 -1.0 -1.0 -1.0 -1.0 -1.0 -1.0 -1.0 
577 10 27 95.0 1.06 -1.0 -1.0 -1.0 -1.0 -1.0 -1.0 -1.0 -1.0 -1.0 -1.0 
598 10 28 95.0 1.1 -1.0 -1.0 -1.0 -1.0 -1.0 -1.0 -1.0 -1.0 -1.0 -1.0 
619 10 29 95.0 1.14 -1.0 -1.0 -1.0 -1.0 -1.0 -1.0 -1.0 -1.0 -1.0 -1.0 
640 10 30 95.0 1.18 -1.0 -1.0 -1.0 -1.0 -1.0 -1.0 -1.0 -1.0 -1.0 -1.0 
32 11 1 105.0 0.02 -1.0 -1.0 -1.0 -1.0 -1.0 -1.0 -1.0 -1.0 -1.0 -1.0 
53 11 2 105.0 0.06 -1.0 -1.0 -1.0 -1.0 -1.0 -1.0 -1.0 -1.0 -1.0 -1.0 
74 11 3 105.0 0.1 -1.0 -1.0 -1.0 -1.0 -1.0 -1.0 -1.0 -1.0 -1.0 -1.0 
95 11 4 105.0 0.14 -1.0 -1.0 -1.0 -1.0 -1.0 -1.0 -1.0 -1.0 -1.0 -1.0 
116 11 5 105.0 0.18 -1.0 -1.0 -1.0 -1.0 -1.0 -1.0 -1.0 -1.0 -1.0 -1.0 
137 11 6 105.0 0.22 -1.0 -1.0 -1.0 -1.0 -1.0 -1.0 -1.0 -1.0 -1.0 -1.0 
158 11 7 105.0 0.26 -1.0 -1.0 -1.0 -1.0 -1.0 -1.0 -1.0 -1.0 -1.0 -1.0 
179 11 8 105.0 0.3 -1.0 -1.0 -1.0 -1.0 -1.0 -1.0 -1.0 -1.0 -1.0 -1.0 
200 11 9 105.0 0.34 -1.0 -1.0 -1.0 -1.0 -1.0 -1.0 -1.0 -1.0 -1.0 -1.0 
221 11 10 105.0 0.38 -1.0 -1.0 -1.0 -1.0 -1.0 -1.0 -1.0 -1.0 -1.0 -1.0 
242 11 11 105.0 0.42 -1.0 -1.0 -1.0 -1.0 -1.0 -1.0 -1.0 -1.0 -1.0 -1.0 
263 11 12 105.0 0.46 -1.0 -1.0 -1.0 -1.0 -1.0 -1.0 -1.0 -1.0 -1.0 -1.0 
284 11 13 105.0 0.5 -1.0 -1.0 -1.0 -1.0 -1.0 -1.0 -1.0 -1.0 -1.0 -1.0 
305 11 14 105.0 0.54 -1.0 -1.0 -1.0 -1.0 -1.0 -1.0 -1.0 -1.0 -1.0 -1.0 
326 11 15 105.0 0.58 -1.0 -1.0 -1.0 -1.0 -1.0 -1.0 -1.0 -1.0 -1.0 -1.0 
347 11 16 105.0 0.62 -1.0 -1.0 -1.0 -1.0 -1.0 -1.0 -1.0 -1.0 -1.0 -1.0 
368 11 17 105.0 0.66 -1.0 -1.0 -1.0 -1.0 -1.0 -1.0 -1.0 -1.0 -1.0 -1.0 
389 11 18 105.0 0.7 -1.0 -1.0 -1.0 -1.0 -1.0 -1.0 -1.0 -1.0 -1.0 -1.0 
410 11 19 105.0 0.74 -1.0 -1.0 -1.0 -1.0 -1.0 -1.0 -1.0 -1.0 -1.0 -1.0 
431 11 20 105.0 0.78 -1.0 -1.0 -1.0 -1.0 -1.0 -1.0 -1.0 -1.0 -1.0 -1.0 
452 11 21 105.0 0.82 -1.0 -1.0 -1.0 -1.0 -1.0 -1.0 -1.0 -1.0 -1.0 -1.0 
473 11 22 105.0 0.86 -1.0 -1.0 -1.0 -1.0 -1.0 -1.0 -1.0 -1.0 -1.0 -1.0 
494 11 23 105.0 0.9 -1.0 -1.0 -1.0 -1.0 -1.0 -1.0 -1.0 -1.0 -1.0 -1.0 
515 11 24 105.0 0.94 -1.0 -1.0 -1.0 -1.0 -1.0 -1.0 -1.0 -1.0 -1.0 -1.0 
536 11 25 105.0 0.98 -1.0 -1.0 -1.0 -1.0 -1.0 -1.0 -1.0 -1.0 -1.0 -1.0 
557 11 26 105.0 1.02 -1.0 -1.0 -1.0 -1.0 -1.0 -1.0 -1.0 -1.0 -1.0 -1.0 
578 11 27 105.0 1.06 -1.0 -1.0 -1.0 -1.0 -1.0 -1.0 -1.0 -1.0 -1.0 -1.0 
599 11 28 105.0 1.1 -1.0 -1.0 -1.0 -1.0 -1.0 -1.0 -1.0 -1.0 -1.0 -1.0 
620 11 29 105.0 1.14 -1.0 -1.0 -1.0 -1.0 -1.0 -1.0 -1.0 -1.0 -1.0 -1.0 
641 11 30 105.0 1.18 -1.0 -1.0 -1.0 -1.0 -1.0 -1.0 -1.0 -1.0 -1.0 -1.0 
33 12 1 115.0 0.02 -1.0 -1.0 -1.0 -1.0 -1.0 -1.0 -1.0 -1.0 -1.0 -1.0 
54 12 2 115.0 0.06 -1.0 -1.0 -1.0 -1.0 -1.0 -1.0 -1.0 -1.0 -1.0 -1.0 
75 12 3 115.0 0.1 -1.0 -1.0 -1.0 -1.0 -1.0 -1.0 -1.0 -1.0 -1.0 -1.0 
96 12 4 115.0 0.14 -1.0 -1.0 -1.0 -1.0 -1.0 -1.0 -1.0 -1.0 -1.0 -1.0 
117 12 5 115.0 0.18 -1.0 -1.0 -1.0 -1.0 -1.0 -1.0 -1.0 -1.0 -1.0 -1.0 
138 12 6 115.0 0.22 -1.0 -1.0 -1.0 -1.0 -1.0 -1.0 -1.0 -1.0 -1.0 -1.0 
159 12 7 115.0 0.26 -1.0 -1.0 -1.0 -1.0 -1.0 -1.0 -1.0 -1.0 -1.0 -1.0 
180 12 8 115.0 0.3 -1.0 -1.0 -1.0 -1.0 -1.0 -1.0 -1.0 -1.0 -1.0 -1.0 
201 12 9 115.0 0.34 -1.0 -1.0 -1.0 -1.0 -1.0 -1.0 -1.0 -1.0 -1.0 -1.0 
222 12 10 115.0 0.38 -1.0 -1.0 -1.0 -1.0 -1.0 -1.0 -1.0 -1.0 -1.0 -1.0 
243 12 11 115.0 0.42 -1.0 -1.0 -1.0 -1.0 -1.0 -1.0 -1.0 -1.0 -1.0 -1.0 
264 12 12 115.0 0.46 -1.0 -1.0 -1.0 -1.0 -1.0 -1.0 -1.0 -1.0 -1.0 -1.0 
285 12 13 115.0 0.5 -1.0 -1.0 -1.0 -1.0 -1.0 -1.0 -1.0 -1.0 -1.0 -1.0 
306 12 14 115.0 0.54 -1.0 -1.0 -1.0 -1.0 -1.0 -1.0 -1.0 -1.0 -1.0 -1.0 
327 12 15 115.0 0.58 -1.0 -1.0 -1.0 -1.0 -1.0 -1.0 -1.0 -1.0 -1.0 -1.0 
348 12 16 115.0 0.62 -1.0 -1.0 -1.0 -1.0 -1.0 -1.0 -1.0 -1.0 -1.0 -1.0 
369 12 17 115.0 0.66 -1.0 -1.0 -1.0 -1.0 -1.0 -1.0 -1.0 -1.0 -1.0 -1.0 
390 12 18 115.0 0.7 -1.0 -1.0 -1.0 -1.0 -1.0 -1.0 -1.0 -1.0 -1.0 -1.0 
411 12 19 115.0 0.74 -1.0 -1.0 -1.0 -1.0 -1.0 -1.0 -1.0 -1.0 -1.0 -1.0 
432 12 20 115.0 0.78 -1.0 -1.0 -1.0 -1.0 -1.0 -1.0 -1.0 -1.0 -1.0 -1.0 
453 12 21 115.0 0.82 -1.0 -1.0 -1.0 -1.0 -1.0 -1.0 -1.0 -1.0 -1.0 -1.0 
474 12 22 115.0 0.86 -1.0 -1.0 -1.0 -1.0 -1.0 -1.0 -1.0 -1.0 -1.0 -1.0 
495 12 23 115.0 0.9 -1.0 -1.0 -1.0 -1.0 -1.0 -1.0 -1.0 -1.0 -1.0 -1.0 
516 12 24 115.0 0.94 -1.0 -1.0 -1.0 -1.0 -1.0 -1.0 -1.0 -1.0 -1.0 -1.0 
537 12 25 115.0 0.98 -1.0 -1.0 -1.0 -1.0 -1.0 -1.0 -1.0 -1.0 -1.0 -1.0 
558 12 26 115.0 1.02 -1.0 -1.0 -1.0 -1.0 -1.0 -1.0 -1.0 -1.0 -1.0 -1.0 
579 12 27 115.0 1.06 -1.0 -1.0 -1.0 -1.0 -1.0 -1.0 -1.0 -1.0 -1.0 -1.0 
600 12 28 115.0 1.1 -1.0 -1.0 -1.0 -1.0 -1.0 -1.0 -1.0 -1.0 -1.0 -1.0 
621 12 29 115.0 1.14 -1.0 -1.0 -1.0 -1.0 -1.0 -1.0 -1.0 -1.0 -1.0 -1.0 
642 12 30 115.0 1.18 -1.0 -1.0 -1.0 -1.0 -1.0 -1.0 -1.0 -1.0 -1.0 -1.0 
34 13 1 125.0 0.02 -1.0 -1.0 -1.0 -1.0 -1.0 -1.0 -1.0 -1.0 -1.0 -1.0 
55 13 2 125.0 0.06 -1.0 -1.0 -1.0 -1.0 -1.0 -1.0 -1.0 -1.0 -1.0 -1.0 
76 13 3 125.0 0.1 -1.0 -1.0 -1.0 -1.0 -1.0 -1.0 -1.0 -1.0 -1.0 -1.0 
97 13 4 125.0 0.14 -1.0 -1.0 -1.0 -1.0 -1.0 -1.0 -1.0 -1.0 -1.0 -1.0 
118 13 5 125.0 0.18 -1.0 -1.0 -1.0 -1.0 -1.0 -1.0 -1.0 -1.0 -1.0 -1.0 
139 13 6 125.0 0.22 -1.0 -1.0 -1.0 -1.0 -1.0 -1.0 -1.0 -1.0 -1.0 -1.0 
160 13 7 125.0 0.26 -1.0 -1.0 -1.0 -1.0 -1.0 -1.0 -1.0 -1.0 -1.0 -1.0 
181 13 8 125.0 0.3 -1.0 -1.0 -1.0 -1.0 -1.0 -1.0 -1.0 -1.0 -1.0 -1.0 
202 13 9 125.0 0.34 -1.0 -1.0 -1.0 -1.0 -1.0 -1.0 -1.0 -1.0 -1.0 -1.0 
223 13 10 125.0 0.38 -1.0 -1.0 -1.0 -1.0 -1.0 -1.0 -1.0 -1.0 -1.0 -1.0 
244 13 11 125.0 0.42 -1.0 -1.0 -1.0 -1.0 -1.0 -1.0 -1.0 -1.0 -1.0 -1.0 
265 13 12 125.0 0.46 -1.0 -1.0 -1.0 -1.0 -1.0 -1.0 -1.0 -1.0 -1.0 -1.0 
286 13 13 125.0 0.5 -1.0 -1.0 -1.0 -1.0 -1.0 -1.0 -1.0 -1.0 -1.0 -1.0 
307 13 14 125.0 0.54 -1.0 -1.0 -1.0 -1.0 -1.0 -1.0 -1.0 -1.0 -1.0 -1.0 
328 13 15 125.0 0.58 -1.0 -1.0 -1.0 -1.0 -1.0 -1.0 -1.0 -1.0 -1.0 -1.0 
349 13 16 125.0 0.62 -1.0 -1.0 -1.0 -1.0 -1.0 -1.0 -1.0 -1.0 -1.0 -1.0 
370 13 17 125.0 0.66 -1.0 -1.0 -1.0 -1.0 -1.0 -1.0 -1.0 -1.0 -1.0 -1.0 
391 13 18 125.0 0.7 -1.0 -1.0 -1.0 -1.0 -1.0 -1.0 -1.0 -1.0 -1.0 -1.0 
412 13 19 125.0 0.74 -1.0 -1.0 -1.0 -1.0 -1.0 -1.0 -1.0 -1.0 -1.0 -1.0 
433 13 20 125.0 0.78 -1.0 -1.0 -1.0 -1.0 -1.0 -1.0 -1.0 -1.0 -1.0 -1.0 
454 13 21 125.0 0.82 -1.0 -1.0 -1.0 -1.0 -1.0 -1.0 -1.0 -1.0 -1.0 -1.0 
475 13 22 125.0 0.86 -1.0 -1.0 -1.0 -1.0 -1.0 -1.0 -1.0 -1.0 -1.0 -1.0 
496 13 23 125.0 0.9 -1.0 -1.0 -1.0 -1.0 -1.0 -1.0 -1.0 -1.0 -1.0 -1.0 
517 13 24 125.0 0.94 -1.0 -1.0 -1.0 -1.0 -1.0 -1.0 -1.0 -1.0 -1.0 -1.0 
538 13 25 125.0 0.98 -1.0 -1.0 -1.0 -1.0 -1.0 -1.0 -1.0 -1.0 -1.0 -1.0 
559 13 26 125.0 1.02 -1.0 -1.0 -1.0 -1.0 -1.0 -1.0 -1.0 -1.0 -1.0 -1.0 
580 13 27 125.0 1.06 -1.0 -1.0 -1.0 -1.0 -1.0 -1.0 -1.0 -1.0 -1.0 -1.0 
601 13 28 125.0 1.1 -1.0 -1.0 -1.0 -1.0 -1.0 -1.0 -1.0 -1.0 -1.0 -1.0 
622 13 29 125.0 1.14 -1.0 -1.0 -1.0 -1.0 -1.0 -1.0 -1.0 -1.0 -1.0 -1.0 
643 13 30 125.0 1.18 -1.0 -1.0 -1.0 -1.0 -1.0 -1.0 -1.0 -1.0 -1.0 -1.0 
35 14 1 135.0 0.02 -1.0 -1.0 -1.0 -1.0 -1.0 -1.0 -1.0 -1.0 -1.0 -1.0 
56 14 2 135.0 0.06 -1.0 -1.0 -1.0 -1.0 -1.0 -1.0 -1.0 -1.0 -1.0 -1.0 
77 14 3 135.0 0.1 -1.0 -1.0 -1.0 -1.0 -1.0 -1.0 -1.0 -1.0 -1.0 -1.0 
98 14 4 135.0 0.14 -1.0 -1.0 -1.0 -1.0 -1.0 -1.0 -1.0 -1.0 -1.0 -1.0 
119 14 5 135.0 0.18 -1.0 -1.0 -1.0 -1.0 -1.0 -1.0 -1.0 -1.0 -1.0 -1.0 
140 14 6 135.0 0.22 -1.0 -1.0 -1.0 -1.0 -1.0 -1.0 -1.0 -1.0 -1.0 -1.0 
161 14 7 135.0 0.26 -1.0 -1.0 -1.0 -1.0 -1.0 -1.0 -1.0 -1.0 -1.0 -1.0 
182 14 8 135.0 0.3 -1.0 -1.0 -1.0 -1.0 -1.0 -1.0 -1.0 -1.0 -1.0 -1.0 
203 14 9 135.0 0.34 -1.0 -1.0 -1.0 -1.0 -1.0 -1.0 -1.0 -1.0 -1.0 -1.0 
224 14 10 135.0 0.38 -1.0 -1.0 -1.0 -1.0 -1.0 -1.0 -1.0 -1.0 -1.0 -1.0 
245 14 11 135.0 0.42 -1.0 -1.0 -1.0 -1.0 -1.0 -1.0 -1.0 -1.0 -1.0 -1.0 
266 14 12 135.0 0.46 -1.0 -1.0 -1.0 -1.0 -1.0 -1.0 -1.0 -1.0 -1.0 -1.0 
287 14 13 135.0 0.5 -1.0 -1.0 -1.0 -1.0 -1.0 -1.0 -1.0 -1.0 -1.0 -1.0 
308 14 14 135.0 0.54 -1.0 -1.0 -1.0 -1.0 -1.0 -1.0 -1.0 -1.0 -1.0 -1.0 
329 14 15 135.0 0.58 -1.0 -1.0 -1.0 -1.0 -1.0 -1.0 -1.0 -1.0 -1.0 -1.0 
350 14 16 135.0 0.62 -1.0 -1.0 -1.0 -1.0 -1.0 -1.0 -1.0 -1.0 -1.0 -1.0 
371 14 17 135.0 0.66 -1.0 -1.0 -1.0 -1.0 -1.0 -1.0 -1.0 -1.0 -1.0 -1.0 
392 14 18 135.0 0.7 -1.0 -1.0 -1.0 -1.0 -1.0 -1.0 -1.0 -1.0 -1.0 -1.0 
413 14 19 135.0 0.74 -1.0 -1.0 -1.0 -1.0 -1.0 -1.0 -1.0 -1.0 -1.0 -1.0 
434 14 20 135.0 0.78 -1.0 -1.0 -1.0 -1.0 -1.0 -1.0 -1.0 -1.0 -1.0 -1.0 
455 14 21 135.0 0.82 -1.0 -1.0 -1.0 -1.0 -1.0 -1.0 -1.0 -1.0 -1.0 -1.0 
476 14 22 135.0 0.86 -1.0 -1.0 -1.0 -1.0 -1.0 -1.0 -1.0 -1.0 -1.0 -1.0 
497 14 23 135.0 0.9 -1.0 -1.0 -1.0 -1.0 -1.0 -1.0 -1.0 -1.0 -1.0 -1.0 
518 14 24 135.0 0.94 -1.0 -1.0 -1.0 -1.0 -1.0 -1.0 -1.0 -1.0 -1.0 -1.0 
539 14 25 135.0 0.98 -1.0 -1.0 -1.0 -1.0 -1.0 -1.0 -1.0 -1.0 -1.0 -1.0 
560 14 26 135.0 1.02 -1.0 -1.0 -1.0 -1.0 -1.0 -1.0 -1.0 -1.0 -1.0 -1.0 
581 14 27 135.0 1.06 -1.0 -1.0 -1.0 -1.0 -1.0 -1.0 -1.0 -1.0 -1.0 -1.0 
602 14 28 135.0 1.1 -1.0 -1.0 -1.0 -1.0 -1.0 -1.0 -1.0 -1.0 -1.0 -1.0 
623 14 29 135.0 1.14 -1.0 -1.0 -1.0 -1.0 -1.0 -1.0 -1.0 -1.0 -1.0 -1.0 
644 14 30 135.0 1.18 -1.0 -1.0 -1.0 -1.0 -1.0 -1.0 -1.0 -1.0 -1.0 -1.0 
36 15 1 145.0 0.02 -1.0 -1.0 -1.0 -1.0 -1.0 -1.0 -1.0 -1.0 -1.0 -1.0 
57 15 2 145.0 0.06 -1.0 -1.0 -1.0 -1.0 -1.0 -1.0 -1.0 -1.0 -1.0 -1.0 
78 15 3 145.0 0.1 -1.0 -1.0 -1.0 -1.0 -1.0 -1.0 -1.0 -1.0 -1.0 -1.0 
99 15 4 145.0 0.14 -1.0 -1.0 -1.0 -1.0 -1.0 -1.0 -1.0 -1.0 -1.0 -1.0 
120 15 5 145.0 0.18 -1.0 -1.0 -1.0 -1.0 -1.0 -1.0 -1.0 -1.0 -1.0 -1.0 
141 15 6 145.0 0.22 -1.0 -1.0 -1.0 -1.0 -1.0 -1.0 -1.0 -1.0 -1.0 -1.0 
162 15 7 145.0 0.26 -1.0 -1.0 -1.0 -1.0 -1.0 -1.0 -1.0 -1.0 -1.0 -1.0 
183 15 8 145.0 0.3 -1.0 -1.0 -1.0 -1.0 -1.0 -1.0 -1.0 -1.0 -1.0 -1.0 
204 15 9 145.0 0.34 -1.0 -1.0 -1.0 -1.0 -1.0 -1.0 -1.0 -1.0 -1.0 -1.0 
225 15 10 145.0 0.38 -1.0 -1.0 -1.0 -1.0 -1.0 -1.0 -1.0 -1.0 -1.0 -1.0 
246 15 11 145.0 0.42 -1.0 -1.0 -1.0 -1.0 -1.0 -1.0 -1.0 -1.0 -1.0 -1.0 
267 15 12 145.0 0.46 -1.0 -1.0 -1.0 -1.0 -1.0 -1.0 -1.0 -1.0 -1.0 -1.0 
288 15 13 145.0 0.5 -1.0 -1.0 -1.0 -1.0 -1.0 -1.0 -1.0 -1.0 -1.0 -1.0 
309 15 14 145.0 0.54 -1.0 -1.0 -1.0 -1.0 -1.0 -1.0 -1.0 -1.0 -1.0 -1.0 
330 15 15 145.0 0.58 -1.0 -1.0 -1.0 -1.0 -1.0 -1.0 -1.0 -1.0 -1.0 -1.0 
351 15 16 145.0 0.62 -1.0 -1.0 -1.0 -1.0 -1.0 -1.0 -1.0 -1.0 -1.0 -1.0 
372 15 17 145.0 0.66 -1.0 -1.0 -1.0 -1.0 -1.0 -1.0 -1.0 -1.0 -1.0 -1.0 
393 15 18 145.0 0.7 -1.0 -1.0 -1.0 -1.0 -1.0 -1.0 -1.0 -1.0 -1.0 -1.0 
414 15 19 145.0 0.74 -1.0 -1.0 -1.0 -1.0 -1.0 -1.0 -1.0 -1.0 -1.0 -1.0 
435 15 20 145.0 0.78 -1.0 -1.0 -1.0 -1.0 -1.0 -1.0 -1.0 -1.0 -1.0 -1.0 
456 15 21 145.0 0.82 -1.0 -1.0 -1.0 -1.0 -1.0 -1.0 -1.0 -1.0 -1.0 -1.0 
477 15 22 145.0 0.86 -1.0 -1.0 -1.0 -1.0 -1.0 -1.0 -1.0 -1.0 -1.0 -1.0 
498 15 23 145.0 0.9 -1.0 -1.0 -1.0 -1.0 -1.0 -1.0 -1.0 -1.0 -1.0 -1.0 
519 15 24 145.0 0.94 -1.0 -1.0 -1.0 -1.0 -1.0 -1.0 -1.0 -1.0 -1.0 -1.0 
540 15 25 145.0 0.98 -1.0 -1.0 -1.0 -1.0 -1.0 -1.0 -1.0 -1.0 -1.0 -1.0 
561 15 26 145.0 1.02 -1.0 -1.0 -1.0 -1.0 -1.0 -1.0 -1.0 -1.0 -1.0 -1.0 
582 15 27 145.0 1.06 -1.0 -1.0 -1.0 -1.0 -1.0 -1.0 -1.0 -1.0 -1.0 -1.0 
603 15 28 145.0 1.1 -1.0 -1.0 -1.0 -1.0 -1.0 -1.0 -1.0 -1.0 -1.0 -1.0 
624 15 29 145.0 1.14 -1.0 -1.0 -1.0 -1.0 -1.0 -1.0 -1.0 -1.0 -1.0 -1.0 
645 15 30 145.0 1.18 -1.0 -1.0 -1.0 -1.0 -1.0 -1.0 -1.0 -1.0 -1.0 -1.0 
37 16 1 155.0 0.02 -1.0 -1.0 -1.0 -1.0 -1.0 -1.0 -1.0 -1.0 -1.0 -1.0 
58 16 2 155.0 0.06 -1.0 -1.0 -1.0 -1.0 -1.0 -1.0 -1.0 -1.0 -1.0 -1.0 
79 16 3 155.0 0.1 -1.0 -1.0 -1.0 -1.0 -1.0 -1.0 -1.0 -1.0 -1.0 -1.0 
100 16 4 155.0 0.14 -1.0 -1.0 -1.0 -1.0 -1.0 -1.0 -1.0 -1.0 -1.0 -1.0 
121 16 5 155.0 0.18 -1.0 -1.0 -1.0 -1.0 -1.0 -1.0 -1.0 -1.0 -1.0 -1.0 
142 16 6 155.0 0.22 -1.0 -1.0 -1.0 -1.0 -1.0 -1.0 -1.0 -1.0 -1.0 -1.0 
163 16 7 155.0 0.26 -1.0 -1.0 -1.0 -1.0 -1.0 -1.0 -1.0 -1.0 -1.0 -1.0 
184 16 8 155.0 0.3 -1.0 -1.0 -1.0 -1.0 -1.0 -1.0 -1.0 -1.0 -1.0 -1.0 
205 16 9 155.0 0.34 -1.0 -1.0 -1.0 -1.0 -1.0 -1.0 -1.0 -1.0 -1.0 -1.0 
226 16 10 155.0 0.38 -1.0 -1.0 -1.0 -1.0 -1.0 -1.0 -1.0 -1.0 -1.0 -1.0 
247 16 11 155.0 0.42 -1.0 -1.0 -1.0 -1.0 -1.0 -1.0 -1.0 -1.0 -1.0 -1.0 
268 16 12 155.0 0.46 -1.0 -1.0 -1.0 -1.0 -1.0 -1.0 -1.0 -1.0 -1.0 -1.0 
289 16 13 155.0 0.5 -1.0 -1.0 -1.0 -1.0 -1.0 -1.0 -1.0 -1.0 -1.0 -1.0 
310 16 14 155.0 0.54 -1.0 -1.0 -1.0 -1.0 -1.0 -1.0 -1.0 -1.0 -1.0 -1.0 
331 16 15 155.0 0.58 -1.0 -1.0 -1.0 -1.0 -1.0 -1.0 -1.0 -1.0 -1.0 -1.0 
352 16 16 155.0 0.62 -1.0 -1.0 -1.0 -1.0 -1.0 -1.0 -1.0 -1.0 -1.0 -1.0 
373 16 17 155.0 0.66 -1.0 -1.0 -1.0 -1.0 -1.0 -1.0 -1.0 -1.0 -1.0 -1.0 
394 16 18 155.0 0.7 -1.0 -1.0 -1.0 -1.0 -1.0 -1.0 -1.0 -1.0 -1.0 -1.0 
415 16 19 155.0 0.74 -1.0 -1.0 -1.0 -1.0 -1.0 -1.0 -1.0 -1.0 -1.0 -1.0 
436 16 20 155.0 0.78 -1.0 -1.0 -1.0 -1.0 -1.0 -1.0 -1.0 -1.0 -1.0 -1.0 
457 16 21 155.0 0.82 -1.0 -1.0 -1.0 -1.0 -1.0 -1.0 -1.0 -1.0 -1.0 -1.0 
478 16 22 155.0 0.86 -1.0 -1.0 -1.0 -1.0 -1.0 -1.0 -1.0 -1.0 -1.0 -1.0 
499 16 23 155.0 0.9 -1.0 -1.0 -1.0 -1.0 -1.0 -1.0 -1.0 -1.0 -1.0 -1.0 
520 16 24 155.0 0.94 -1.0 -1.0 -1.0 -1.0 -1.0 -1.0 -1.0 -1.0 -1.0 -1.0 
541 16 25 155.0 0.98 -1.0 -1.0 -1.0 -1.0 -1.0 -1.0 -1.0 -1.0 -1.0 -1.0 
562 16 26 155.0 1.02 -1.0 -1.0 -1.0 -1.0 -1.0 -1.0 -1.0 -1.0 -1.0 -1.0 
583 16 27 155.0 1.06 -1.0 -1.0 -1.0 -1.0 -1.0 -1.0 -1.0 -1.0 -1.0 -1.0 
604 16 28 155.0 1.1 -1.0 -1.0 -1.0 -1.0 -1.0 -1.0 -1.0 -1.0 -1.0 -1.0 
625 16 29 155.0 1.14 -1.0 -1.0 -1.0 -1.0 -1.0 -1.0 -1.0 -1.0 -1.0 -1.0 
646 16 30 155.0 1.18 -1.0 -1.0 -1.0 -1.0 -1.0 -1.0 -1.0 -1.0 -1.0 -1.0 
38 17 1 165.0 0.02 -1.0 -1.0 -1.0 -1.0 -1.0 -1.0 -1.0 -1.0 -1.0 -1.0 
59 17 2 165.0 0.06 -1.0 -1.0 -1.0 -1.0 -1.0 -1.0 -1.0 -1.0 -1.0 -1.0 
80 17 3 165.0 0.1 -1.0 -1.0 -1.0 -1.0 -1.0 -1.0 -1.0 -1.0 -1.0 -1.0 
101 17 4 165.0 0.14 -1.0 -1.0 -1.0 -1.0 -1.0 -1.0 -1.0 -1.0 -1.0 -1.0 
122 17 5 165.0 0.18 -1.0 -1.0 -1.0 -1.0 -1.0 -1.0 -1.0 -1.0 -1.0 -1.0 
143 17 6 165.0 0.22 -1.0 -1.0 -1.0 -1.0 -1.0 -1.0 -1.0 -1.0 -1.0 -1.0 
164 17 7 165.0 0.26 -1.0 -1.0 -1.0 -1.0 -1.0 -1.0 -1.0 -1.0 -1.0 -1.0 
185 17 8 165.0 0.3 -1.0 -1.0 -1.0 -1.0 -1.0 -1.0 -1.0 -1.0 -1.0 -1.0 
206 17 9 165.0 0.34 -1.0 -1.0 -1.0 -1.0 -1.0 -1.0 -1.0 -1.0 -1.0 -1.0 
227 17 10 165.0 0.38 -1.0 -1.0 -1.0 -1.0 -1.0 -1.0 -1.0 -1.0 -1.0 -1.0 
248 17 11 165.0 0.42 -1.0 -1.0 -1.0 -1.0 -1.0 -1.0 -1.0 -1.0 -1.0 -1.0 
269 17 12 165.0 0.46 -1.0 -1.0 -1.0 -1.0 -1.0 -1.0 -1.0 -1.0 -1.0 -1.0 
290 17 13 165.0 0.5 -1.0 -1.0 -1.0 -1.0 -1.0 -1.0 -1.0 -1.0 -1.0 -1.0 
311 17 14 165.0 0.54 -1.0 -1.0 -1.0 -1.0 -1.0 -1.0 -1.0 -1.0 -1.0 -1.0 
332 17 15 165.0 0.58 -1.0 -1.0 -1.0 -1.0 -1.0 -1.0 -1.0 -1.0 -1.0 -1.0 
353 17 16 165.0 0.62 -1.0 -1.0 -1.0 -1.0 -1.0 -1.0 -1.0 -1.0 -1.0 -1.0 
374 17 17 165.0 0.66 -1.0 -1.0 -1.0 -1.0 -1.0 -1.0 -1.0 -1.0 -1.0 -1.0 
395 17 18 165.0 0.7 -1.0 -1.0 -1.0 -1.0 -1.0 -1.0 -1.0 -1.0 -1.0 -1.0 
416 17 19 165.0 0.74 -1.0 -1.0 -1.0 -1.0 -1.0 -1.0 -1.0 -1.0 -1.0 -1.0 
437 17 20 165.0 0.78 -1.0 -1.0 -1.0 -1.0 -1.0 -1.0 -1.0 -1.0 -1.0 -1.0 
458 17 21 165.0 0.82 -1.0 -1.0 -1.0 -1.0 -1.0 -1.0 -1.0 -1.0 -1.0 -1.0 
479 17 22 165.0 0.86 -1.0 -1.0 -1.0 -1.0 -1.0 -1.0 -1.0 -1.0 -1.0 -1.0 
500 17 23 165.0 0.9 -1.0 -1.0 -1.0 -1.0 -1.0 -1.0 -1.0 -1.0 -1.0 -1.0 
521 17 24 165.0 0.94 -1.0 -1.0 -1.0 -1.0 -1.0 -1.0 -1.0 -1.0 -1.0 -1.0 
542 17 25 165.0 0.98 -1.0 -1.0 -1.0 -1.0 -1.0 -1.0 -1.0 -1.0 -1.0 -1.0 
563 17 26 165.0 1.02 -1.0 -1.0 -1.0 -1.0 -1.0 -1.0 -1.0 -1.0 -1.0 -1.0 
584 17 27 165.0 1.06 -1.0 -1.0 -1.0 -1.0 -1.0 -1.0 -1.0 -1.0 -1.0 -1.0 
605 17 28 165.0 1.1 -1.0 -1.0 -1.0 -1.0 -1.0 -1.0 -1.0 -1.0 -1.0 -1.0 
626 17 29 165.0 1.14 -1.0 -1.0 -1.0 -1.0 -1.0 -1.0 -1.0 -1.0 -1.0 -1.0 
647 17 30 165.0 1.18 -1.0 -1.0 -1.0 -1.0 -1.0 -1.0 -1.0 -1.0 -1.0 -1.0 
39 18 1 175.0 0.02 -1.0 -1.0 -1.0 -1.0 -1.0 -1.0 -1.0 -1.0 -1.0 -1.0 
60 18 2 175.0 0.06 -1.0 -1.0 -1.0 -1.0 -1.0 -1.0 -1.0 -1.0 -1.0 -1.0 
81 18 3 175.0 0.1 -1.0 -1.0 -1.0 -1.0 -1.0 -1.0 -1.0 -1.0 -1.0 -1.0 
102 18 4 175.0 0.14 -1.0 -1.0 -1.0 -1.0 -1.0 -1.0 -1.0 -1.0 -1.0 -1.0 
123 18 5 175.0 0.18 -1.0 -1.0 -1.0 -1.0 -1.0 -1.0 -1.0 -1.0 -1.0 -1.0 
144 18 6 175.0 0.22 -1.0 -1.0 -1.0 -1.0 -1.0 -1.0 -1.0 -1.0 -1.0 -1.0 
165 18 7 175.0 0.26 -1.0 -1.0 -1.0 -1.0 -1.0 -1.0 -1.0 -1.0 -1.0 -1.0 
186 18 8 175.0 0.3 -1.0 -1.0 -1.0 -1.0 -1.0 -1.0 -1.0 -1.0 -1.0 -1.0 
207 18 9 175.0 0.34 -1.0 -1.0 -1.0 -1.0 -1.0 -1.0 -1.0 -1.0 -1.0 -1.0 
228 18 10 175.0 0.38 -1.0 -1.0 -1.0 -1.0 -1.0 -1.0 -1.0 -1.0 -1.0 -1.0 
249 18 11 175.0 0.42 -1.0 -1.0 -1.0 -1.0 -1.0 -1.0 -1.0 -1.0 -1.0 -1.0 
270 18 12 175.0 0.46 -1.0 -1.0 -1.0 -1.0 -1.0 -1.0 -1.0 -1.0 -1.0 -1.0 
291 18 13 175.0 0.5 -1.0 -1.0 -1.0 -1.0 -1.0 -1.0 -1.0 -1.0 -1.0 -1.0 
312 18 14 175.0 0.54 -1.0 -1.0 -1.0 -1.0 -1.0 -1.0 -1.0 -1.0 -1.0 -1.0 
333 18 15 175.0 0.58 -1.0 -1.0 -1.0 -1.0 -1.0 -1.0 -1.0 -1.0 -1.0 -1.0 
354 18 16 175.0 0.62 -1.0 -1.0 -1.0 -1.0 -1.0 -1.0 -1.0 -1.0 -1.0 -1.0 
375 18 17 175.0 0.66 -1.0 -1.0 -1.0 -1.0 -1.0 -1.0 -1.0 -1.0 -1.0 -1.0 
396 18 18 175.0 0.7 -1.0 -1.0 -1.0 -1.0 -1.0 -1.0 -1.0 -1.0 -1.0 -1.0 
417 18 19 175.0 0.74 -1.0 -1.0 -1.0 -1.0 -1.0 -1.0 -1.0 -1.0 -1.0 -1.0 
438 18 20 175.0 0.78 -1.0 -1.0 -1.0 -1.0 -1.0 -1.0 -1.0 -1.0 -1.0 -1.0 
459 18 21 175.0 0.82 -1.0 -1.0 -1.0 -1.0 -1.0 -1.0 -1.0 -1.0 -1.0 -1.0 
480 18 22 175.0 0.86 -1.0 -1.0 -1.0 -1.0 -1.0 -1.0 -1.0 -1.0 -1.0 -1.0 
501 18 23 175.0 0.9 -1.0 -1.0 -1.0 -1.0 -1.0 -1.0 -1.0 -1.0 -1.0 -1.0 
522 18 24 175.0 0.94 -1.0 -1.0 -1.0 -1.0 -1.0 -1.0 -1.0 -1.0 -1.0 -1.0 
543 18 25 175.0 0.98 -1.0 -1.0 -1.0 -1.0 -1.0 -1.0 -1.0 -1.0 -1.0 -1.0 
564 18 26 175.0 1.02 -1.0 -1.0 -1.0 -1.0 -1.0 -1.0 -1.0 -1.0 -1.0 -1.0 
585 18 27 175.0 1.06 -1.0 -1.0 -1.0 -1.0 -1.0 -1.0 -1.0 -1.0 -1.0 -1.0 
606 18 28 175.0 1.1 -1.0 -1.0 -1.0 -1.0 -1.0 -1.0 -1.0 -1.0 -1.0 -1.0 
627 18 29 175.0 1.14 -1.0 -1.0 -1.0 -1.0 -1.0 -1.0 -1.0 -1.0 -1.0 -1.0 
648 18 30 175.0 1.18 -1.0 -1.0 -1.0 -1.0 -1.0 -1.0 -1.0 -1.0 -1.0 -1.0 
40 19 1 185.0 0.02 -1.0 -1.0 -1.0 -1.0 -1.0 -1.0 -1.0 -1.0 -1.0 -1.0 
61 19 2 185.0 0.06 -1.0 -1.0 -1.0 -1.0 -1.0 -1.0 -1.0 -1.0 -1.0 -1.0 
82 19 3 185.0 0.1 -1.0 -1.0 -1.0 -1.0 -1.0 -1.0 -1.0 -1.0 -1.0 -1.0 
103 19 4 185.0 0.14 -1.0 -1.0 -1.0 -1.0 -1.0 -1.0 -1.0 -1.0 -1.0 -1.0 
124 19 5 185.0 0.18 -1.0 -1.0 -1.0 -1.0 -1.0 -1.0 -1.0 -1.0 -1.0 -1.0 
145 19 6 185.0 0.22 -1.0 -1.0 -1.0 -1.0 -1.0 -1.0 -1.0 -1.0 -1.0 -1.0 
166 19 7 185.0 0.26 -1.0 -1.0 -1.0 -1.0 -1.0 -1.0 -1.0 -1.0 -1.0 -1.0 
187 19 8 185.0 0.3 -1.0 -1.0 -1.0 -1.0 -1.0 -1.0 -1.0 -1.0 -1.0 -1.0 
208 19 9 185.0 0.34 -1.0 -1.0 -1.0 -1.0 -1.0 -1.0 -1.0 -1.0 -1.0 -1.0 
229 19 10 185.0 0.38 -1.0 -1.0 -1.0 -1.0 -1.0 -1.0 -1.0 -1.0 -1.0 -1.0 
250 19 11 185.0 0.42 -1.0 -1.0 -1.0 -1.0 -1.0 -1.0 -1.0 -1.0 -1.0 -1.0 
271 19 12 185.0 0.46 -1.0 -1.0 -1.0 -1.0 -1.0 -1.0 -1.0 -1.0 -1.0 -1.0 
292 19 13 185.0 0.5 -1.0 -1.0 -1.0 -1.0 -1.0 -1.0 -1.0 -1.0 -1.0 -1.0 
313 19 14 185.0 0.54 -1.0 -1.0 -1.0 -1.0 -1.0 -1.0 -1.0 -1.0 -1.0 -1.0 
334 19 15 185.0 0.58 -1.0 -1.0 -1.0 -1.0 -1.0 -1.0 -1.0 -1.0 -1.0 -1.0 
355 19 16 185.0 0.62 -1.0 -1.0 -1.0 -1.0 -1.0 -1.0 -1.0 -1.0 -1.0 -1.0 
376 19 17 185.0 0.66 -1.0 -1.0 -1.0 -1.0 -1.0 -1.0 -1.0 -1.0 -1.0 -1.0 
397 19 18 185.0 0.7 -1.0 -1.0 -1.0 -1.0 -1.0 -1.0 -1.0 -1.0 -1.0 -1.0 
418 19 19 185.0 0.74 -1.0 -1.0 -1.0 -1.0 -1.0 -1.0 -1.0 -1.0 -1.0 -1.0 
439 19 20 185.0 0.78 -1.0 -1.0 -1.0 -1.0 -1.0 -1.0 -1.0 -1.0 -1.0 -1.0 
460 19 21 185.0 0.82 -1.0 -1.0 -1.0 -1.0 -1.0 -1.0 -1.0 -1.0 -1.0 -1.0 
481 19 22 185.0 0.86 -1.0 -1.0 -1.0 -1.0 -1.0 -1.0 -1.0 -1.0 -1.0 -1.0 
502 19 23 185.0 0.9 -1.0 -1.0 -1.0 -1.0 -1.0 -1.0 -1.0 -1.0 -1.0 -1.0 
523 19 24 185.0 0.94 -1.0 -1.0 -1.0 -1.0 -1.0 -1.0 -1.0 -1.0 -1.0 -1.0 
544 19 25 185.0 0.98 -1.0 -1.0 -1.0 -1.0 -1.0 -1.0 -1.0 -1.0 -1.0 -1.0 
565 19 26 185.0 1.02 -1.0 -1.0 -1.0 -1.0 -1.0 -1.0 -1.0 -1.0 -1.0 -1.0 
586 19 27 185.0 1.06 -1.0 -1.0 -1.0 -1.0 -1.0 -1.0 -1.0 -1.0 -1.0 -1.0 
607 19 28 185.0 1.1 -1.0 -1.0 -1.0 -1.0 -1.0 -1.0 -1.0 -1.0 -1.0 -1.0 
628 19 29 185.0 1.14 -1.0 -1.0 -1.0 -1.0 -1.0 -1.0 -1.0 -1.0 -1.0 -1.0 
649 19 30 185.0 1.18 -1.0 -1.0 -1.0 -1.0 -1.0 -1.0 -1.0 -1.0 -1.0 -1.0 
